Composition = 0
log(temp), log pressure (dyne/cm^2), log density (g/cc)
1.38,8.2,-0.27907183927373175
1.38,8.4,-0.2766381693540272
1.38,8.6,-0.27414809854584693
1.38,8.8,-0.270589041701035
1.38,9.0,-0.26588054722965115
1.38,9.2,-0.2578088519503094
1.38,9.4,-0.2464802759624564
1.38,9.6,-0.2316909375135948
1.38,9.8,-0.21377643615184164
1.38,10.0,-0.1920742985910714
1.38,10.2,-0.1669760037660082
1.38,10.4,-0.13839781117295247
1.38,10.6,-0.10631379299434816
1.38,10.8,-0.07068978533318984
1.38,11.0,-0.0312806198123769
1.38,11.2,0.012630878484461436
1.38,11.4,0.060357049720718974
1.38,11.6,0.11258913041590708
1.38,11.8,0.1688572071228347
1.38,12.0,0.22952450484253217
1.38,12.2,0.2942935339868343
1.38,12.4,0.3633129996606195
1.38,12.6,0.43337335013358835
1.46,8.2,-0.2795589779792457
1.46,8.4,-0.277703545664424
1.46,8.6,-0.27573457594307826
1.46,8.8,-0.2716136915003477
1.46,9.0,-0.26667993897119957
1.46,9.2,-0.25850378725480644
1.46,9.4,-0.24700692003666078
1.46,9.6,-0.23206375696310072
1.46,9.8,-0.21400957654363703
1.46,10.0,-0.19220725122805088
1.46,10.2,-0.16704454575326141
1.46,10.4,-0.13843431885091112
1.46,10.6,-0.10633105580697201
1.46,10.8,-0.07069733419714089
1.46,11.0,-0.03128386398855171
1.46,11.2,0.01262950003919575
1.46,11.4,0.060356514721825946
1.46,11.6,0.11258890180699023
1.46,11.8,0.16885711771273418
1.46,12.0,0.2295244672759423
1.46,12.2,0.294293518890109
1.46,12.4,0.3633129933660756
1.46,12.6,0.43337170438637673
1.54,8.2,-0.2800461166847597
1.54,8.4,-0.2787689219748209
1.54,8.6,-0.27732105334030965
1.54,8.8,-0.2726383412996604
1.54,9.0,-0.2674793307127479
1.54,9.2,-0.25919872255930343
1.54,9.4,-0.24753356411086516
1.54,9.6,-0.23243657641260668
1.54,9.8,-0.21424271693543254
1.54,10.0,-0.19234020386503042
1.54,10.2,-0.16711308774051456
1.54,10.4,-0.13847082652886977
1.54,10.6,-0.10634831861959583
1.54,10.8,-0.070704883061092
1.54,11.0,-0.031287108164726574
1.54,11.2,0.012628121593930166
1.54,11.4,0.06035597972293298
1.54,11.6,0.11258867319807336
1.54,11.8,0.16885702830263372
1.54,12.0,0.22952442970935238
1.54,12.2,0.2942935037933838
1.54,12.4,0.3633129870715314
1.54,12.6,0.433370058639165
1.62,8.2,-0.28053325539027363
1.62,8.4,-0.2798342982852178
1.62,8.6,-0.2789075307375408
1.62,8.8,-0.2736629910989732
1.62,9.0,-0.2682787224542963
1.62,9.2,-0.2598936578638006
1.62,9.4,-0.24806020818506952
1.62,9.6,-0.23280939586211255
1.62,9.8,-0.21447585732722793
1.62,10.0,-0.1924731565020099
1.62,10.2,-0.16718162972776773
1.62,10.4,-0.13850733420682843
1.62,10.6,-0.10636558143221964
1.62,10.8,-0.07071243192504305
1.62,11.0,-0.03129035234090142
1.62,11.2,0.012626743148664512
1.62,11.4,0.060355444724039996
1.62,11.6,0.11258844458915646
1.62,11.8,0.1688569388925333
1.62,12.0,0.22952439214276252
1.62,12.2,0.2942934886966586
1.62,12.4,0.3633129807769875
1.62,12.6,0.4333684128919533
1.7,-1.4,-9.814556156740942
1.7,-1.2,-9.614556155657509
1.7,-1.0,-9.411960069714254
1.7,-0.8,-9.208033487575713
1.7,-0.6,-2.460952228594432
1.7,-0.4,-2.4118391826988654
1.7,-0.2,-2.3627261357007603
1.7,0.0,-2.3136130887026547
1.7,0.2,-2.264500038519711
1.7,0.4,-2.215386986983048
1.7,0.6,-2.166273932491397
1.7,0.8,-2.1171608663064676
1.7,1.0,-2.068047800121538
1.7,1.2,-2.0189347016388037
1.7,1.4,-1.969821589427943
1.7,1.6,-1.9207084477953678
1.7,1.8,-1.8715951897404475
1.7,2.0,-1.8224819316855272
1.7,2.2,-1.7733683503493918
1.7,2.4,-1.72425463161257
1.7,2.6,-1.675140704599389
1.7,2.8,-1.6260259536649277
1.7,3.0,-1.576910150625455
1.7,3.2,-1.5277934337685746
1.7,3.4,-1.462003156815805
1.7,3.6,-0.2935374375987735
1.7,3.8,-0.2930007975812269
1.7,4.0,-0.2924641575636803
1.7,4.2,-0.2919275175461338
1.7,4.4,-0.2913908775285873
1.7,4.6,-0.2908542375110406
1.7,4.8,-0.29031759749349406
1.7,5.0,-0.28978095747594745
1.7,5.2,-0.2892443174584009
1.7,5.4,-0.28870767744085424
1.7,5.6,-0.2881710374233077
1.7,5.8,-0.287634397405761
1.7,6.0,-0.2870977573882145
1.7,6.2,-0.2865611173706679
1.7,6.4,-0.2860244773531213
1.7,6.6,-0.28548783733557476
1.7,6.8,-0.28495119731802815
1.7,7.0,-0.2844145573004816
1.7,7.2,-0.283877917282935
1.7,7.4,-0.2833412772653883
1.7,7.6,-0.28280463724784183
1.7,7.8,-0.2822679972302953
1.7,8.0,-0.2817313572127486
1.7,8.2,-0.281194717195202
1.7,8.4,-0.28065807717765545
1.7,8.6,-0.2799312369876358
1.7,8.8,-0.27559946549184555
1.7,9.0,-0.27037800073911056
1.7,9.2,-0.26165699701587714
1.7,9.4,-0.2494780764194302
1.7,9.6,-0.23387285735933694
1.7,9.8,-0.21518377297110222
1.7,10.0,-0.19291327575442643
1.7,10.2,-0.16743491385283102
1.7,10.4,-0.13865736608655782
1.7,10.6,-0.10644445814045551
1.7,10.8,-0.07075050207962534
1.7,11.0,-0.031308100129067054
1.7,11.2,0.012618913253648098
1.7,11.4,0.060352341913178315
1.7,11.6,0.11258711136950575
1.7,11.8,0.1688564168344654
1.7,12.0,0.22952417307696818
1.7,12.2,0.29429340095865714
1.7,12.4,0.36331294366967287
1.7,12.6,0.43336595505207465
1.78,-1.4,-9.894556157348557
1.78,-1.2,-9.694556156792347
1.78,-1.0,-9.493391426264122
1.78,-0.8,-9.291629769213397
1.78,-0.6,-6.154290588133819
1.78,-0.4,-6.0219858142413925
1.78,-0.2,-5.8896810373612425
1.78,0.0,-5.75737626048109
1.78,0.2,-5.625071474970475
1.78,0.4,-5.492766685791471
1.78,0.6,-5.360461888604869
1.78,0.8,-5.228157059731131
1.78,1.0,-5.095852230857393
1.78,1.2,-4.96354731446116
1.78,1.4,-4.831242360863642
1.78,1.6,-4.69893732753743
1.78,1.8,-4.566631978723089
1.78,2.0,-4.434326629908747
1.78,2.2,-4.302020405047926
1.78,2.4,-4.1697138078506315
1.78,2.6,-4.037406646253789
1.78,2.8,-3.905097251946528
1.78,3.0,-3.7727850065831325
1.78,3.2,-3.640470284903497
1.78,3.4,-3.4629725679070598
1.78,3.6,-0.29737998351268663
1.78,3.8,-0.2967104156992973
1.78,4.0,-0.2960408478859079
1.78,4.2,-0.2953712800725186
1.78,4.4,-0.2947017122591292
1.78,4.6,-0.29403214444574005
1.78,4.8,-0.2933625766323506
1.78,5.0,-0.2926930088189612
1.78,5.2,-0.292023441005572
1.78,5.4,-0.29135387319218264
1.78,5.6,-0.2906843053787933
1.78,5.8,-0.29001473756540397
1.78,6.0,-0.28934516975201463
1.78,6.2,-0.28867560193862535
1.78,6.4,-0.28800603412523607
1.78,6.6,-0.2873364663118466
1.78,6.8,-0.28666689849845733
1.78,7.0,-0.28599733068506805
1.78,7.2,-0.2853277628716787
1.78,7.4,-0.2846581950582893
1.78,7.6,-0.28398862724490004
1.78,7.8,-0.2833190594315107
1.78,8.0,-0.28264949161812136
1.78,8.2,-0.281979923804732
1.78,8.4,-0.2813103559913427
1.78,8.6,-0.28055545512702346
1.78,8.8,-0.27818320669296
1.78,9.0,-0.2734000150631576
1.78,9.2,-0.2641787521541212
1.78,9.4,-0.2515285880609187
1.78,9.6,-0.23542657726483626
1.78,9.8,-0.21622871205590583
1.78,10.0,-0.19357143996436718
1.78,10.2,-0.16781933882969072
1.78,10.4,-0.13888798413193496
1.78,10.6,-0.10656707202121089
1.78,10.8,-0.07081023804417798
1.78,11.0,-0.03133614343537024
1.78,11.2,0.012606503739570974
1.78,11.4,0.060347416318122286
1.78,11.6,0.1125849940320883
1.78,11.8,0.16885558765738465
1.78,12.0,0.229523825172347
1.78,12.2,0.29429326165559905
1.78,12.4,0.3633128846896386
1.78,12.6,0.43336292074098404
1.86,-1.2,-9.774556157778182
1.86,-1.0,-9.574556157578353
1.86,-0.8,-9.374556155443626
1.86,-0.6,-9.174556152351043
1.86,-0.4,-8.974556148244172
1.86,-0.2,-8.77455613989897
1.86,0.0,-8.574556131361316
1.86,0.2,-8.374556111164788
1.86,0.4,-8.174556084426323
1.86,0.6,-7.9745560469305286
1.86,0.8,-7.774555964240405
1.86,1.0,-7.574555879300566
1.86,1.2,-7.374555676181408
1.86,1.4,-7.174555408081802
1.86,1.6,-6.97455503287546
1.86,1.8,-6.774554207300394
1.86,2.0,-6.5745533589855
1.86,2.2,-6.3745513277869374
1.86,2.4,-6.174548646719727
1.86,2.6,-5.9745452074437715
1.86,2.8,-5.774538580816552
1.86,3.0,-5.5745279631231215
1.86,3.2,-5.37451343950197
1.86,3.4,-5.113800150661362
1.86,3.6,-0.8389087698032209
1.86,3.8,-0.8157418795031477
1.86,4.0,-0.7925735809305232
1.86,4.2,-0.7693996154766788
1.86,4.4,-0.7462220023334767
1.86,4.6,-0.723033578957335
1.86,4.8,-0.6998327188303408
1.86,5.0,-0.6766109609190893
1.86,5.2,-0.652789979563108
1.86,5.4,-0.30222307534580034
1.86,5.6,-0.3012685312041226
1.86,5.8,-0.3003139870624449
1.86,6.0,-0.29935944292076716
1.86,6.2,-0.29840489877908943
1.86,6.4,-0.29745035463741176
1.86,6.6,-0.296495810495734
1.86,6.8,-0.29554126635405625
1.86,7.0,-0.2945867222123785
1.86,7.2,-0.2936321780707008
1.86,7.4,-0.2926776339290231
1.86,7.6,-0.29144715132018195
1.86,7.8,-0.29008044782102493
1.86,8.0,-0.28871374432186786
1.86,8.2,-0.2873470408227109
1.86,8.4,-0.28557525124530275
1.86,8.6,-0.28368153517708944
1.86,8.8,-0.2819008544189924
1.86,9.0,-0.2769324414920805
1.86,9.2,-0.2671508669873059
1.86,9.4,-0.25393217220242054
1.86,9.6,-0.23724989294378734
1.86,9.8,-0.21747485722790125
1.86,10.0,-0.19436737822544717
1.86,10.2,-0.1682946638525474
1.86,10.4,-0.13918020612035012
1.86,10.6,-0.10672802774399623
1.86,10.8,-0.07089212999137447
1.86,11.0,-0.03137655620588064
1.86,11.2,0.012587918988421279
1.86,11.4,0.06033978627629771
1.86,11.6,0.1125816567716929
1.86,11.8,0.16885427114157578
1.86,12.0,0.22952327177344187
1.86,12.2,0.2942930400731881
1.86,12.4,0.3633127909992343
1.86,12.6,0.43335962455012567
1.94,-1.2,-9.854556158113114
1.94,-1.0,-9.65455615752337
1.94,-0.8,-9.454556156280146
1.94,-0.6,-9.25455615389672
1.94,-0.4,-9.054556151188274
1.94,-0.2,-8.854556145762999
1.94,0.0,-8.654556139112119
1.94,0.2,-8.454556128333344
1.94,0.4,-8.254556105697677
1.94,0.6,-8.054556079614906
1.94,0.8,-7.854556023167087
1.94,1.0,-7.654555952392133
1.94,1.2,-7.454555840103817
1.94,1.4,-7.254555616245456
1.94,1.6,-7.054555358065583
1.94,1.8,-6.854554795024336
1.94,2.0,-6.654554087166288
1.94,2.2,-6.454552963904843
1.94,2.4,-6.2545507271636005
1.94,2.6,-6.054548247460316
1.94,2.8,-5.85454360967601
1.94,3.0,-5.654536719347567
1.94,3.2,-5.454525073987865
1.94,3.4,-5.2350606983712344
1.94,3.6,-3.7292776029493053
1.94,3.8,-3.5859162911318263
1.94,4.0,-3.442546010841378
1.94,4.2,-3.2991396414636363
1.94,4.4,-3.1557100420631468
1.94,4.6,-3.0122115985445115
1.94,4.8,-2.8686339525563422
1.94,5.0,-2.7249232206729426
1.94,5.2,-2.5773963814165093
1.94,5.4,-0.34901383414873444
1.94,5.6,-0.347110101624869
1.94,5.8,-0.34520636910100344
1.94,6.0,-0.3433026365771381
1.94,6.2,-0.3413989040532726
1.94,6.4,-0.3394951715294072
1.94,6.6,-0.3375914390055417
1.94,6.8,-0.3356877064816763
1.94,7.0,-0.33378397395781084
1.94,7.2,-0.33188024143394534
1.94,7.4,-0.3299765089100799
1.94,7.6,-0.32631548396331655
1.94,7.8,-0.3217869469916691
1.94,8.0,-0.3172584100200217
1.94,8.2,-0.3127298730483743
1.94,8.4,-0.30562157725132694
1.94,8.6,-0.2977368021882867
1.94,8.8,-0.2905718836063997
1.94,9.0,-0.28269456305229895
1.94,9.2,-0.2720903427226883
1.94,9.4,-0.25787812578765923
1.94,9.6,-0.24025091655274416
1.94,9.8,-0.2195999553649869
1.94,10.0,-0.19576517159166465
1.94,10.2,-0.16916707857617325
1.94,10.4,-0.13974154008818002
1.94,10.6,-0.10705647678773182
1.94,10.8,-0.07107080860596827
1.94,11.0,-0.03147100400780216
1.94,11.2,0.012542358199862363
1.94,11.4,0.06032034207149534
1.94,11.6,0.11257299037372744
1.94,11.8,0.16885082572486693
1.94,12.0,0.22952182068892016
1.94,12.2,0.2942924590598971
1.94,12.4,0.3633125456793084
1.94,12.6,0.4333551843581015
2.02,-1.0,-9.73455615810598
2.02,-0.8,-9.534556157315972
2.02,-0.6,-9.334556155680456
2.02,-0.4,-9.134556153959792
2.02,-0.2,-8.93455615098392
2.02,0.0,-8.734556145603527
2.02,0.2,-8.53455613982092
2.02,0.4,-8.334556123150096
2.02,0.6,-8.1345561043751
2.02,0.8,-7.934556070926843
2.02,1.0,-7.734556012852578
2.02,1.2,-7.534555951047803
2.02,1.4,-7.334555786706906
2.02,1.6,-7.134555601335734
2.02,1.8,-6.934555267647147
2.02,2.0,-6.734554685994284
2.02,2.2,-6.534554067099707
2.02,2.4,-6.334552425900377
2.02,2.6,-6.134550575513945
2.02,2.8,-5.934547674979203
2.02,3.0,-5.7345430168645555
2.02,3.2,-5.534534583975395
2.02,3.4,-5.334522865421931
2.02,3.6,-5.13450250533199
2.02,3.8,-4.9344716350747415
2.02,4.0,-4.734425380737775
2.02,4.2,-4.534342229858637
2.02,4.4,-4.334227263670424
2.02,4.6,-4.134029905560041
2.02,4.8,-3.933750615330651
2.02,5.0,-3.7332984999777383
2.02,5.2,-3.529433444292731
2.02,5.4,-1.4998232470595076
2.02,5.6,-1.4234952801200769
2.02,5.8,-1.3469829192925005
2.02,6.0,-1.2700126684968258
2.02,6.2,-1.1924228427913817
2.02,6.4,-1.086886915594083
2.02,6.6,-0.3713219318432507
2.02,6.8,-0.368742222642312
2.02,7.0,-0.3661625134413733
2.02,7.2,-0.36358280424043465
2.02,7.4,-0.361003095039496
2.02,7.6,-0.3568816146372524
2.02,7.8,-0.3519990172806965
2.02,8.0,-0.34711641992414066
2.02,8.2,-0.34223382256758494
2.02,8.4,-0.33283625553146484
2.02,8.6,-0.32259488319936036
2.02,8.8,-0.3123980995422974
2.02,9.0,-0.30115663173025287
2.02,9.2,-0.28303388150680286
2.02,9.4,-0.2631432852682134
2.02,9.6,-0.24412301691573196
2.02,9.8,-0.22230142710842987
2.02,10.0,-0.19762324477682786
2.02,10.2,-0.17035020041413987
2.02,10.4,-0.1405176828479794
2.02,10.6,-0.10752914307734797
2.02,10.8,-0.07134202615570347
2.02,11.0,-0.03162432967766582
2.02,11.2,0.01246336750650815
2.02,11.4,0.06028409780220329
2.02,11.6,0.11255594679174523
2.02,11.8,0.16884379886748688
2.02,12.0,0.22951881130445498
2.02,12.2,0.29429124807751
2.02,12.4,0.36331203321569344
2.02,12.6,0.43334990145721075
2.1,-1.0,-9.814556159025406
2.1,-0.8,-9.61455615834725
2.1,-0.6,-9.414556157481243
2.1,-0.4,-9.214556156302413
2.1,-0.2,-9.014556155112633
2.1,0.0,-8.814556150552194
2.1,0.2,-8.614556145784453
2.1,0.4,-8.41455613637442
2.1,0.6,-8.214556121188389
2.1,0.8,-8.014556105942548
2.1,1.0,-7.814556060006461
2.1,1.2,-7.61455601201437
2.1,1.4,-7.414555917624442
2.1,1.6,-7.214555765415432
2.1,1.8,-7.014555612598899
2.1,2.0,-6.814555151900177
2.1,2.2,-6.614554670444901
2.1,2.4,-6.4145537274576245
2.1,2.6,-6.2145522094925445
2.1,2.8,-6.014550685500603
2.1,3.0,-5.814546976524678
2.1,3.2,-5.614541849341265
2.1,3.4,-5.414533618456106
2.1,3.6,-5.214519557071378
2.1,3.8,-5.014501713833348
2.1,4.0,-4.814464733885408
2.1,4.2,-4.614414043637333
2.1,4.4,-4.4143330844719415
2.1,4.6,-4.214196502883615
2.1,4.8,-4.0140240405677
2.1,5.0,-3.8137088518562137
2.1,5.2,-3.6132253166842516
2.1,5.4,-3.4124979331800507
2.1,5.6,-3.2114220036626655
2.1,5.8,-3.0098639654191612
2.1,6.0,-2.807131308355719
2.1,6.2,-2.6028042319849676
2.1,6.4,-2.3290484896538466
2.1,6.6,-0.541485505513449
2.1,6.8,-0.5226661566850049
2.1,7.0,-0.5031329131732235
2.1,7.2,-0.4791124572499082
2.1,7.4,-0.3909729642609585
2.1,7.6,-0.3874166468751105
2.1,7.8,-0.3838603294892626
2.1,8.0,-0.38014380376142204
2.1,8.2,-0.3763949048171872
2.1,8.4,-0.3668470344434871
2.1,8.6,-0.35672767277706313
2.1,8.8,-0.34493441345966297
2.1,9.0,-0.3297349192641857
2.1,9.2,-0.300084405794712
2.1,9.4,-0.27172134872140735
2.1,9.6,-0.24906721330212528
2.1,9.8,-0.22570715045638112
2.1,10.0,-0.20001488841528695
2.1,10.2,-0.17189322979253724
2.1,10.4,-0.1415352510069521
2.1,10.6,-0.10816919729793159
2.1,10.8,-0.07172204488425983
2.1,11.0,-0.031848243649334765
2.1,11.2,0.012343187562827521
2.1,11.4,0.060226360928919184
2.1,11.6,0.11252776583790235
2.1,11.8,0.16883182230800944
2.1,12.0,0.22951358622010487
2.1,12.2,0.2942891270234084
2.1,12.4,0.36331113251554203
2.1,12.6,0.43334362757049993
2.18,-1.0,-9.894556158040176
2.18,-0.8,-9.69455615788183
2.18,-0.6,-9.494556157678899
2.18,-0.4,-9.294556156389193
2.18,-0.2,-9.094556154987803
2.18,0.0,-8.894556152062815
2.18,0.2,-8.694556148015534
2.18,0.4,-8.494556142866447
2.18,0.6,-8.294556130812651
2.18,0.8,-8.094556118148443
2.18,1.0,-7.894556090455681
2.18,1.2,-7.694556050789852
2.18,1.4,-7.494556000111921
2.18,1.6,-7.294555879500765
2.18,1.8,-7.094555752689332
2.18,2.0,-6.894555474208253
2.18,2.2,-6.694555074242993
2.18,2.4,-6.49455456473734
2.18,2.6,-6.294553361097443
2.18,2.8,-6.094552095948336
2.18,3.0,-5.894549755115675
2.18,3.2,-5.694546251582711
2.18,3.4,-5.494540072422904
2.18,3.6,-5.294531421127189
2.18,3.8,-5.09451660785712
2.18,4.0,-4.89449237633644
2.18,4.2,-4.69445766569423
2.18,4.4,-4.494396849490492
2.18,4.6,-4.294312284193902
2.18,4.8,-4.094169297576945
2.18,5.0,-3.893956281234415
2.18,5.2,-3.6936292677065503
2.18,5.4,-3.4931317052977846
2.18,5.6,-3.2923543468568006
2.18,5.8,-3.0912174302710183
2.18,6.0,-2.8894179129642037
2.18,6.2,-2.6866704655903746
2.18,6.4,-2.4665592009604267
2.18,6.6,-1.8851265813265576
2.18,6.8,-1.7203540717322316
2.18,7.0,-1.5482956628159767
2.18,7.2,-1.330441454281623
2.18,7.4,-0.4581982166887091
2.18,7.6,-0.4491978581325638
2.18,7.8,-0.4401974995764185
2.18,8.0,-0.4295620793262511
2.18,8.2,-0.4185962630094341
2.18,8.4,-0.40413781935779103
2.18,8.6,-0.3878674699914315
2.18,8.8,-0.369031893709183
2.18,9.0,-0.3483344252279288
2.18,9.2,-0.3232852636602281
2.18,9.4,-0.29782516915884216
2.18,9.6,-0.2564307101145022
2.18,9.8,-0.2306715601559151
2.18,10.0,-0.20341469125537784
2.18,10.2,-0.17411456099755404
2.18,10.4,-0.14296105666501305
2.18,10.6,-0.10912683082925334
2.18,10.8,-0.07231728538887931
2.18,11.0,-0.03222028178849072
2.18,11.2,0.01212979374324232
2.18,11.4,0.060115271645048235
2.18,11.6,0.11246953232146084
2.18,11.8,0.16880545310020817
2.18,12.0,0.22950158954921282
2.18,12.2,0.2942841507890092
2.18,12.4,0.36330900207224753
2.18,12.6,0.43333539224728646
2.26,-1.0,-9.97455615882389
2.26,-0.8,-9.774556158405677
2.26,-0.6,-9.574556157987459
2.26,-0.4,-9.374556157255988
2.26,-0.2,-9.174556156327473
2.26,0.0,-8.97455615511037
2.26,0.2,-8.774556151960137
2.26,0.4,-8.574556148809904
2.26,0.6,-8.374556141051599
2.26,0.8,-8.17455613056665
2.26,1.0,-7.974556117229844
2.26,1.2,-7.774556084596549
2.26,1.4,-7.574556051963251
2.26,1.6,-7.374555974373747
2.26,1.8,-7.174555870229657
2.26,2.0,-6.974555737231552
2.26,2.2,-6.77455540884671
2.26,2.4,-6.574555080461868
2.26,2.6,-6.374554305948067
2.26,2.8,-6.174553268005456
2.26,3.0,-5.974552025472596
2.26,3.2,-5.774549397790933
2.26,3.4,-5.574545371611849
2.26,3.6,-5.374539717493903
2.26,3.8,-5.174528892582391
2.26,4.0,-4.974514945885103
2.26,4.2,-4.774488887183706
2.26,4.4,-4.574449185062632
2.26,4.6,-4.374393623762055
2.26,4.8,-4.174289014214083
2.26,5.0,-3.9741585049542465
2.26,5.2,-3.773939125619676
2.26,5.4,-3.573585730724136
2.26,5.6,-3.373060082987177
2.26,5.8,-3.17230210896387
2.26,6.0,-2.97121886277377
2.26,6.2,-2.7695475659352695
2.26,6.4,-2.5668485285293694
2.26,6.6,-2.362541106640962
2.26,6.8,-2.1556240846346224
2.26,7.0,-1.9436980674234692
2.26,7.2,-1.7239263982775976
2.26,7.4,-1.4797315252730203
2.26,7.6,-0.5803917450039981
2.26,7.8,-0.537130365923491
2.26,8.0,-0.509393300708127
2.26,8.2,-0.4822525495192227
2.26,8.4,-0.45505531019187195
2.26,8.6,-0.42750307623456485
2.26,8.8,-0.39959906178748317
2.26,9.0,-0.37145220941449364
2.26,9.2,-0.34320133062489455
2.26,9.4,-0.3149556835778077
2.26,9.6,-0.2867082309281435
2.26,9.8,-0.23694708474889367
2.26,10.0,-0.2075078776278977
2.26,10.2,-0.17684812894196156
2.26,10.4,-0.14470963683513352
2.26,10.6,-0.11031822838064792
2.26,10.8,-0.07307420413694868
2.26,11.0,-0.032698154409988495
2.26,11.2,0.011839522691049981
2.26,11.4,0.05995625260700098
2.26,11.6,0.11238166741877181
2.26,11.8,0.16876335158599734
2.26,12.0,0.22948151060389324
2.26,12.2,0.29427554136203404
2.26,12.4,0.3633052495046434
2.26,12.6,0.43332544972746123
2.34,-0.8,-9.854556158266021
2.34,-0.6,-9.654556157865509
2.34,-0.4,-9.454556157216238
2.34,-0.2,-9.254556156076013
2.34,0.0,-9.054556154936787
2.34,0.2,-8.85455615301857
2.34,0.4,-8.65455615074944
2.34,0.6,-8.454556146670575
2.34,0.8,-8.2545561383561
2.34,1.0,-8.054556129847064
2.34,1.2,-7.854556107218378
2.34,1.4,-7.6545560798447205
2.34,1.6,-7.454556035719888
2.34,1.8,-7.254555951468592
2.34,2.0,-7.05455586513635
2.34,2.2,-6.854555639904739
2.34,2.4,-6.654555368350229
2.34,2.6,-6.454554929797055
2.34,2.8,-6.254554091735345
2.34,3.0,-6.054553233086407
2.34,3.2,-5.854551387616416
2.34,3.4,-5.6545488546538865
2.34,3.6,-5.454544325964897
2.34,3.8,-5.254537354036788
2.34,4.0,-5.054527349232066
2.34,4.2,-4.854508666033361
2.34,4.4,-4.6544836092278645
2.34,4.6,-4.454439110123181
2.34,4.8,-4.254371424891261
2.34,5.0,-4.054275089637608
2.34,5.2,-3.8541149970088355
2.34,5.4,-3.653871520742276
2.34,5.6,-3.453509852197949
2.34,5.8,-3.2529939257762894
2.34,6.0,-3.052231706183699
2.34,6.2,-2.851056563105495
2.34,6.4,-2.649335046521678
2.34,6.6,-2.446732036777972
2.34,6.8,-2.2427499551351233
2.34,7.0,-2.0364331265322986
2.34,7.2,-1.8238969187350078
2.34,7.4,-1.6041382437017238
2.34,7.6,-1.3610125541066866
2.34,7.8,-0.9993897801388174
2.34,8.0,-0.7096767842778471
2.34,8.2,-0.6070653407379172
2.34,8.4,-0.5384925416005653
2.34,8.6,-0.48674556304900096
2.34,8.8,-0.44278451439628513
2.34,9.0,-0.40321230957727705
2.34,9.2,-0.36639904651049204
2.34,9.4,-0.33156265857787565
2.34,9.6,-0.2982296522460839
2.34,9.8,-0.26589478080536105
2.34,10.0,-0.21702497777602028
2.34,10.2,-0.18071329148138288
2.34,10.4,-0.14719401010308966
2.34,10.6,-0.11200754118808935
2.34,10.8,-0.07417664693662794
2.34,11.0,-0.033391159785205037
2.34,11.2,0.011378784717908376
2.34,11.4,0.059685342138081084
2.34,11.6,0.11221985307638564
2.34,11.8,0.16867829099538312
2.34,12.0,0.22943714776238874
2.34,12.2,0.2942549487857951
2.34,12.4,0.3632957352195775
2.34,12.6,0.4333112822632429
2.42,-0.8,-9.93455615961799
2.42,-0.6,-9.734556159017197
2.42,-0.4,-9.534556158383797
2.42,-0.2,-9.334556157701094
2.42,0.0,-9.134556157023098
2.42,0.2,-8.934556155888945
2.42,0.4,-8.734556153736222
2.42,0.6,-8.53455615134627
2.42,0.8,-8.334556145465404
2.42,1.0,-8.134556138666605
2.42,1.2,-7.934556126506539
2.42,1.4,-7.7345561040811655
2.42,1.6,-7.5345560794599935
2.42,1.8,-7.334556018180324
2.42,2.0,-7.134555947082976
2.42,2.2,-6.9345558238830005
2.42,2.4,-6.734555601499201
2.42,2.6,-6.534555357224656
2.42,2.8,-6.334554749942614
2.42,3.0,-6.134554045532358
2.42,3.2,-5.934552969904879
2.42,3.4,-5.734551139792906
2.42,3.6,-5.5345480122250414
2.42,3.8,-5.334543874501774
2.42,4.0,-5.134535879768896
2.42,4.2,-4.9345243864225115
2.42,4.4,-4.734506251319307
2.42,4.6,-4.534475483934528
2.42,4.8,-4.33443496807117
2.42,5.0,-4.134358041644581
2.42,5.2,-3.934255013550906
2.42,5.4,-3.734097304824646
2.42,5.6,-3.533841681510471
2.42,5.8,-3.3334668076825293
2.42,6.0,-3.1329410097197483
2.42,6.2,-2.9321982640057467
2.42,6.4,-2.731157425825778
2.42,6.6,-2.52960277217745
2.42,6.8,-2.3272210984240287
2.42,7.0,-2.1236071624218305
2.42,7.2,-1.917467542768614
2.42,7.4,-1.7081291797281672
2.42,7.6,-1.4903561568528976
2.42,7.8,-1.2463492428783922
2.42,8.0,-0.9964246047480595
2.42,8.2,-0.783162277242753
2.42,8.4,-0.6451641109343018
2.42,8.6,-0.5585763828628627
2.42,8.8,-0.4940779897899832
2.42,9.0,-0.4404756002569181
2.42,9.2,-0.39346544495113706
2.42,9.4,-0.35120953717411274
2.42,9.6,-0.3120407952792057
2.42,9.8,-0.2751758144900937
2.42,10.0,-0.23773487620962855
2.42,10.2,-0.1854310269237546
2.42,10.4,-0.15023394148426691
2.42,10.6,-0.11405874073302481
2.42,10.8,-0.07553000962038883
2.42,11.0,-0.03425722846324608
2.42,11.2,0.010791850222477797
2.42,11.4,0.05932855459782927
2.42,11.6,0.1119984871611282
2.42,11.8,0.16855627249867391
2.42,12.0,0.22937037074551886
2.42,12.2,0.29422249454071714
2.42,12.4,0.3632801808549387
2.42,12.6,0.43329330005885314
2.5,-0.6,-9.814556158358393
2.5,-0.4,-9.614556158203898
2.5,-0.2,-9.414556158016923
2.5,0.0,-9.214556157673243
2.5,0.2,-9.014556157165792
2.5,0.4,-8.814556155464114
2.5,0.6,-8.614556153441828
2.5,0.8,-8.414556149730021
2.5,1.0,-8.214556144270466
2.5,1.2,-8.014556137187073
2.5,1.4,-7.814556120770553
2.5,1.6,-7.614556102255371
2.5,1.8,-7.4145560650552484
2.5,2.0,-7.214556006686794
2.5,2.2,-7.01455593263919
2.5,2.4,-6.814555769408578
2.5,2.6,-6.61455558631641
2.5,2.8,-6.414555217961977
2.5,3.0,-6.21455463855473
2.5,3.2,-6.014553947268016
2.5,3.4,-5.814552621655865
2.5,3.6,-5.614550647249444
2.5,3.8,-5.4145474911170055
2.5,4.0,-5.2145420352407355
2.5,4.2,-5.014534273733261
2.5,4.4,-4.814520968196091
2.5,4.6,-4.614501486306478
2.5,4.8,-4.414470520813592
2.5,5.0,-4.2144178643668715
2.5,5.2,-4.014345594126552
2.5,5.4,-3.8142324417941547
2.5,5.6,-3.614053161761054
2.5,5.8,-3.4137920164623443
2.5,6.0,-3.2134256937289463
2.5,6.2,-3.0129137286857315
2.5,6.4,-2.812212959047573
2.5,6.6,-2.611242639226704
2.5,6.8,-2.409864892171521
2.5,7.0,-2.2078842068297058
2.5,7.2,-2.0047993794170846
2.5,7.4,-1.8000358468891786
2.5,7.6,-1.5922402038646943
2.5,7.8,-1.3780669343505643
2.5,8.0,-1.1550473680391695
2.5,8.2,-0.9387444001425552
2.5,8.4,-0.7675423626679145
2.5,8.6,-0.6449316686618127
2.5,8.8,-0.5553712605692251
2.5,9.0,-0.4850780391485888
2.5,9.2,-0.426403939052708
2.5,9.4,-0.37536741357945524
2.5,9.6,-0.3294717382451033
2.5,9.8,-0.2873710398679096
2.5,10.0,-0.24804158209917676
2.5,10.2,-0.20251867638150625
2.5,10.4,-0.15438926130971892
2.5,10.6,-0.11678917704068835
2.5,10.8,-0.07736300167006205
2.5,11.0,-0.03545316489172615
2.5,11.2,0.009965645213719064
2.5,11.4,0.0588049018031231
2.5,11.6,0.11165671084906507
2.5,11.8,0.16835408734178128
2.5,12.0,0.22925040708430888
2.5,12.2,0.29415862240957424
2.5,12.4,0.3632467238722484
2.5,12.6,0.43326552952082065
2.58,-0.6,-9.894556157980654
2.58,-0.4,-9.694556158084499
2.58,-0.2,-9.494556158142334
2.58,0.0,-9.294556157889627
2.58,0.2,-9.094556157563662
2.58,0.4,-8.894556156360132
2.58,0.6,-8.694556154720892
2.58,0.8,-8.494556152694923
2.58,1.0,-8.294556148625887
2.58,1.2,-8.094556144272724
2.58,1.4,-7.894556133885738
2.58,1.6,-7.694556118727348
2.58,1.8,-7.494556098715562
2.58,2.0,-7.294556054331608
2.58,2.2,-7.094556007123376
2.58,2.4,-6.894555902859479
2.58,2.6,-6.694555753759214
2.58,2.8,-6.494555556170209
2.58,3.0,-6.29455511386358
2.58,3.2,-6.094554642623635
2.58,3.4,-5.894553766945946
2.58,3.6,-5.694552540916378
2.58,3.8,-5.494550153432245
2.58,4.0,-5.29454677093975
2.58,4.2,-5.094541400844994
2.58,4.4,-4.894532350733035
2.58,4.6,-4.694520205280523
2.58,4.8,-4.494496777974534
2.58,5.0,-4.294463931881909
2.58,5.2,-4.094412417881636
2.58,5.4,-3.894334021912615
2.58,5.6,-3.694213446624686
2.58,5.8,-3.494037067141871
2.58,6.0,-3.2937860800443235
2.58,6.2,-3.0934364261662206
2.58,6.4,-2.89297153995784
2.58,6.6,-2.692383977592092
2.58,6.8,-2.491671653819566
2.58,7.0,-2.290764630476895
2.58,7.2,-2.0895177005010304
2.58,7.4,-1.8875702503675527
2.58,7.6,-1.685050669373433
2.58,7.8,-1.4809450637287054
2.58,8.0,-1.2750092230815024
2.58,8.2,-1.0713771233189628
2.58,8.4,-0.8844620043848126
2.58,8.6,-0.7346898268195403
2.58,8.8,-0.6214317017337588
2.58,9.0,-0.5338859880038842
2.58,9.2,-0.46279356406288064
2.58,9.4,-0.40239756165562873
2.58,9.6,-0.3493025688159345
2.58,9.8,-0.3015931049222378
2.58,10.0,-0.2577458424513779
2.58,10.2,-0.21675070635964613
2.58,10.4,-0.16441699357126854
2.58,10.6,-0.12041721062071546
2.58,10.8,-0.07960267799658224
2.58,11.0,-0.03692676091717764
2.58,11.2,0.008941384792298578
2.58,11.4,0.05814224183876399
2.58,11.6,0.11121325190996392
2.58,11.8,0.16808158234199003
2.58,12.0,0.22908108002397237
2.58,12.2,0.2940631132954056
2.58,12.4,0.3631934016076648
2.58,12.6,0.4332273029633943
2.66,-0.4,-9.774556158368158
2.66,-0.2,-9.574556158328031
2.66,0.0,-9.374556157876288
2.66,0.2,-9.174556157182954
2.66,0.4,-8.97455615645905
2.66,0.6,-8.774556155530359
2.66,0.8,-8.574556154600101
2.66,1.0,-8.374556152072989
2.66,1.2,-8.174556148602463
2.66,1.4,-7.974556143981229
2.66,1.6,-7.774556131703321
2.66,1.8,-7.574556119406593
2.66,2.0,-7.374556091235247
2.66,2.2,-7.174556053667748
2.66,2.4,-6.974556005368385
2.66,2.6,-6.774555885662278
2.66,2.8,-6.5745557657818505
2.66,3.0,-6.374555483274181
2.66,3.2,-6.174555104533498
2.66,3.4,-5.9745546502701
2.66,3.6,-5.774553693514933
2.66,3.8,-5.574552225540841
2.66,4.0,-5.374550164479251
2.66,4.2,-5.174546220810879
2.66,4.4,-4.9745411316380554
2.66,4.6,-4.774531653541232
2.66,4.8,-4.574517215468235
2.66,5.0,-4.374497024802607
2.66,5.2,-4.174459185241755
2.66,5.4,-3.9744120618635757
2.66,5.6,-3.7743335791019152
2.66,5.8,-3.5742097901242076
2.66,6.0,-3.3740334608474614
2.66,6.2,-3.1738021780123598
2.66,6.4,-2.9735141972864443
2.66,6.6,-2.7731500477758537
2.66,6.8,-2.572791995159449
2.66,7.0,-2.37246374029985
2.66,7.2,-2.172220167647104
2.66,7.4,-1.9721198809935883
2.66,7.6,-1.7722434812063608
2.66,7.8,-1.572632192601507
2.66,8.0,-1.3737235282757585
2.66,8.2,-1.1781784076643975
2.66,8.4,-0.9902712139794826
2.66,8.6,-0.8254870415824115
2.66,8.8,-0.6914830275383038
2.66,9.0,-0.5865932671051768
2.66,9.2,-0.5024277247474235
2.66,9.4,-0.4322224125975211
2.66,9.6,-0.37150765596626145
2.66,9.8,-0.3178536711993894
2.66,10.0,-0.2691355333384422
2.66,10.2,-0.2242893793443665
2.66,10.4,-0.18188337798804982
2.66,10.6,-0.12517465246816936
2.66,10.8,-0.08227923967672637
2.66,11.0,-0.03869798820543936
2.66,11.2,0.007705918274826675
2.66,11.4,0.057331098798716215
2.66,11.6,0.11066079208473385
2.66,11.8,0.16773291711630658
2.66,12.0,0.22885750309202238
2.66,12.2,0.2939321390291129
2.66,12.4,0.36311732018382437
2.66,12.6,0.4331771870754552
2.74,-0.4,-9.85455615911341
2.74,-0.2,-9.6545561589543
2.74,0.0,-9.454556158668735
2.74,0.2,-9.25455615821345
2.74,0.4,-9.05455615774927
2.74,0.6,-8.854556157011244
2.74,0.8,-8.654556156106507
2.74,1.0,-8.454556154665386
2.74,1.2,-8.25455615188375
2.74,1.4,-8.054556148767311
2.74,1.6,-7.85455614084887
2.74,1.8,-7.654556130927469
2.74,2.0,-7.454556115543442
2.74,2.2,-7.254556084892212
2.74,2.4,-7.054556051118517
2.74,2.6,-6.85455597272372
2.74,2.8,-6.65455587577585
2.74,3.0,-6.4545557230514525
2.74,3.2,-6.254555416684569
2.74,3.4,-6.054555088344141
2.74,3.6,-5.8545544446392555
2.74,3.8,-5.654553520935984
2.74,4.0,-5.454551912488379
2.74,4.2,-5.254549414826864
2.74,4.4,-5.05454563761525
2.74,4.6,-4.854539108575997
2.74,4.8,-4.654529992250099
2.74,5.0,-4.454514236870785
2.74,5.2,-4.254490142733565
2.74,5.4,-4.05445453941707
2.74,5.6,-3.8543993720644867
2.74,5.8,-3.654314797661993
2.74,6.0,-3.454194858728065
2.74,6.2,-3.2540257619123123
2.74,6.4,-3.053818177996952
2.74,6.6,-2.8535757290830075
2.74,6.8,-2.6533582662441004
2.74,7.0,-2.453228452197184
2.74,7.2,-2.2533480417781666
2.74,7.4,-2.0538937746309034
2.74,7.6,-1.8551469535996823
2.74,7.8,-1.656964452014797
2.74,8.0,-1.460531604099985
2.74,8.2,-1.2672660408526017
2.74,8.4,-1.080943223468728
2.74,8.6,-0.9106201968854082
2.74,8.8,-0.7631493907070436
2.74,9.0,-0.643705313689952
2.74,9.2,-0.5466272928783719
2.74,9.4,-0.4664251080126571
2.74,9.6,-0.3977800210108716
2.74,9.8,-0.33750260008196764
2.74,10.0,-0.28359633326777434
2.74,10.2,-0.23432842521705438
2.74,10.4,-0.18847453219681476
2.74,10.6,-0.14002441105066124
2.74,10.8,-0.08595314515818
2.74,11.0,-0.04114181950169721
2.74,11.2,0.006007018965391722
2.74,11.4,0.05619537228124899
2.74,11.6,0.10987121595095672
2.74,11.8,0.16721545070615706
2.74,12.0,0.22850946812560138
2.74,12.2,0.2937145059287529
2.74,12.4,0.36298065275965785
2.74,12.6,0.4330955565782283
2.82,-0.2,-9.734556158987262
2.82,0.0,-9.534556158767764
2.82,0.2,-9.334556158557778
2.82,0.4,-9.134556158441086
2.82,0.6,-8.934556158147707
2.82,0.8,-8.73455615753333
2.82,1.0,-8.53455615685887
2.82,1.2,-8.33455615485965
2.82,1.4,-8.134556152406015
2.82,1.6,-7.934556147829565
2.82,1.8,-7.734556140167204
2.82,2.0,-7.53455613180196
2.82,2.2,-7.334556110144099
2.82,2.4,-7.134556085471035
2.82,2.6,-6.934556041134675
2.82,2.8,-6.734555964139545
2.82,3.0,-6.5345558800835555
2.82,3.2,-6.334555664703702
2.82,3.4,-6.134555421065878
2.82,3.6,-5.934555037931819
2.82,3.8,-5.734554421945113
2.82,4.0,-5.5345533047469
2.82,4.2,-5.334551746019386
2.82,4.4,-5.134549068063391
2.82,4.6,-4.934545000731246
2.82,4.8,-4.734538903978426
2.82,5.0,-4.534527951168773
2.82,5.2,-4.334512810952609
2.82,5.4,-4.134487272758735
2.82,5.6,-3.9344515249204406
2.82,5.8,-3.7343948370757767
2.82,6.0,-3.534313802584442
2.82,6.2,-3.3341961116794803
2.82,6.4,-3.1340520576599524
2.82,6.6,-2.9338930542875596
2.82,6.8,-2.733764543911842
2.82,7.0,-2.533762309309377
2.82,7.2,-2.3340762765336684
2.82,7.4,-2.134919623758331
2.82,7.6,-1.9366065059972917
2.82,7.8,-1.7395811902919058
2.82,8.0,-1.544429459497805
2.82,8.2,-1.3524663087278403
2.82,8.4,-1.1671142908629928
2.82,8.6,-0.992619538605565
2.82,8.8,-0.8355484721456881
2.82,9.0,-0.7033191776393901
2.82,9.2,-0.5938018110632164
2.82,9.4,-0.5031289598223665
2.82,9.6,-0.42613683044354067
2.82,9.8,-0.3591787881743732
2.82,10.0,-0.2997927495794742
2.82,10.2,-0.24593051871895863
2.82,10.4,-0.19634945521592034
2.82,10.6,-0.14948866868533306
2.82,10.8,-0.09539064771178296
2.82,11.0,-0.0481811561204922
2.82,11.2,0.003947619393802225
2.82,11.4,0.05480916406051509
2.82,11.6,0.1089017372218089
2.82,11.8,0.16656968600544161
2.82,12.0,0.22806602831007794
2.82,12.2,0.29342830143775617
2.82,12.4,0.3627934767067727
2.82,12.6,0.4329870475335579
2.9,-0.2,-9.814556158758176
2.9,0.0,-9.614556158587034
2.9,0.2,-9.41455615860986
2.9,0.4,-9.21455615874743
2.9,0.6,-9.01455615887848
2.9,0.8,-8.81455615862091
2.9,1.0,-8.614556158363076
2.9,1.2,-8.41455615716044
2.9,1.4,-8.21455615492353
2.9,1.6,-8.014556152681052
2.9,1.8,-7.814556147236143
2.9,2.0,-7.614556141571933
2.9,2.2,-7.414556129638652
2.9,2.4,-7.214556110261979
2.9,2.6,-7.014556090802768
2.9,2.8,-6.814556032976608
2.9,3.0,-6.61455597298856
2.9,3.2,-6.414555854247634
2.9,3.4,-6.214555665302756
2.9,3.6,-6.01455547554936
2.9,3.8,-5.814555011090618
2.9,4.0,-5.614554365347042
2.9,4.2,-5.414553344680722
2.9,4.4,-5.2145515848041155
2.9,4.6,-5.014549366509598
2.9,4.8,-4.8145447543670326
2.9,5.0,-4.614538404750297
2.9,5.2,-4.414528434844909
2.9,5.4,-4.214511624822491
2.9,5.6,-4.014490585450319
2.9,5.8,-3.8144528948161964
2.9,6.0,-3.614397510927945
2.9,6.2,-3.4143208128975178
2.9,6.4,-3.214224580060482
2.9,6.6,-3.014118806454932
2.9,6.8,-2.8140401796652785
2.9,7.0,-2.6141000121565963
2.9,7.2,-2.4144592673677554
2.9,7.4,-2.215339921216027
2.9,7.6,-2.0169904063153834
2.9,7.8,-1.820700834564773
2.9,8.0,-1.6258747703236212
2.9,8.2,-1.4343888250806964
2.9,8.4,-1.2492438978401514
2.9,8.6,-1.0718527035588101
2.9,8.8,-0.9081988346259768
2.9,9.0,-0.7649900983795558
2.9,9.2,-0.6436472583463781
2.9,9.4,-0.5422725796276757
2.9,9.6,-0.4566039395914295
2.9,9.8,-0.3828205684303869
2.9,10.0,-0.31769356125980464
2.9,10.2,-0.2590751439959851
2.9,10.4,-0.20552375886581725
2.9,10.6,-0.15552709343021145
2.9,10.8,-0.10739063154883684
2.9,11.0,-0.0574609193024496
2.9,11.2,0.00032321703786581264
2.9,11.4,0.0531539056417077
2.9,11.6,0.10774051024348516
2.9,11.8,0.1657874395961395
2.9,12.0,0.22752135871738896
2.9,12.2,0.29306910916593976
2.9,12.4,0.3625521333385531
2.9,12.6,0.4328495447846741
2.98,-0.2,-9.894556159266426
2.98,0.0,-9.69455615939758
2.98,0.2,-9.494556159567528
2.98,0.4,-9.294556159205099
2.98,0.6,-9.094556158797776
2.98,0.8,-8.894556158320887
2.98,1.0,-8.69455615785489
2.98,1.2,-8.49455615719993
2.98,1.4,-8.294556155863486
2.98,1.6,-8.09455615448867
2.98,1.8,-7.894556151453516
2.98,2.0,-7.694556147007167
2.98,2.2,-7.494556141307004
2.98,2.4,-7.294556127085253
2.98,2.6,-7.094556112294953
2.98,2.8,-6.894556079943156
2.98,3.0,-6.694556033901819
2.98,3.2,-6.494555976109906
2.98,3.4,-6.29455583538432
2.98,3.6,-6.09455568908944
2.98,3.8,-5.894555417367123
2.98,4.0,-5.694555014886399
2.98,4.2,-5.494554297644386
2.98,4.4,-5.294553293780772
2.98,4.6,-5.094551587470287
2.98,4.8,-4.894548788065513
2.98,5.0,-4.694544817612096
2.98,5.2,-4.4945378222267625
2.98,5.4,-4.294528154338308
2.98,5.6,-4.094512047388828
2.98,5.8,-3.894488435577138
2.98,6.0,-3.694453396710809
2.98,6.2,-3.494403461055116
2.98,6.4,-3.294335638010498
2.98,6.6,-3.0942655256319873
2.98,6.8,-2.894221460750959
2.98,7.0,-2.6942641710138147
2.98,7.2,-2.4945140870829228
2.98,7.4,-2.2953447823419073
2.98,7.6,-2.0970280928077982
2.98,7.8,-1.9003380576046274
2.98,8.0,-1.7052312335182782
2.98,8.2,-1.5135126653777027
2.98,8.4,-1.3269288432411046
2.98,8.6,-1.1482245071780597
2.98,8.8,-0.9795849890977675
2.98,9.0,-0.8282059007300693
2.98,9.2,-0.6964288863286066
2.98,9.4,-0.5848341363705681
2.98,9.6,-0.490296007911283
2.98,9.8,-0.40917446534085067
2.98,10.0,-0.3380217856875757
2.98,10.2,-0.27444298494757213
2.98,10.4,-0.21668272720911647
2.98,10.6,-0.16313930097779356
2.98,10.8,-0.11231031258155683
2.98,11.0,-0.062059668711584574
2.98,11.2,-0.00972504521372854
2.98,11.4,0.05103553252456987
2.98,11.6,0.10625394915896937
2.98,11.8,0.16477447207346085
2.98,12.0,0.2268063938110777
2.98,12.2,0.292586395437641
2.98,12.4,0.36221782307255246
2.98,12.6,0.4326617469884235
3.06,0.0,-9.77455615976011
3.06,0.2,-9.574556159959048
3.06,0.4,-9.374556159672075
3.06,0.6,-9.174556159187569
3.06,0.8,-8.974556158697691
3.06,1.0,-8.774556158232219
3.06,1.2,-8.574556157786631
3.06,1.4,-8.374556156925738
3.06,1.6,-8.174556156009608
3.06,1.8,-7.974556154199327
3.06,2.0,-7.774556151027231
3.06,2.2,-7.574556147633384
3.06,2.4,-7.3745561380857385
3.06,2.6,-7.17455612685429
3.06,2.8,-6.974556106876491
3.06,3.0,-6.774556073741974
3.06,3.2,-6.5745560385203605
3.06,3.4,-6.374555943017475
3.06,3.6,-6.174555831797951
3.06,3.8,-5.974555658040607
3.06,4.0,-5.774555390301236
3.06,4.2,-5.574554897616187
3.06,4.4,-5.374554245476253
3.06,4.6,-5.174553036882666
3.06,4.8,-4.9745511936201545
3.06,5.0,-4.774548532694021
3.06,5.2,-4.574543728386361
3.06,5.4,-4.3745374240278005
3.06,5.6,-4.174526024959307
3.06,5.8,-3.9745101264659413
3.06,6.0,-3.7744867343713198
3.06,6.2,-3.574452971680762
3.06,6.4,-3.374405707762078
3.06,6.6,-3.174357407579197
3.06,6.8,-2.974330284250071
3.06,7.0,-2.7743685193711887
3.06,7.2,-2.5745631742578796
3.06,7.4,-2.3752271100166285
3.06,7.6,-2.176691257370191
3.06,7.8,-1.979542902073494
3.06,8.0,-1.7840662205901512
3.06,8.2,-1.591546646324298
3.06,8.4,-1.4035473818251702
3.06,8.6,-1.2227316560902317
3.06,8.8,-1.050838639263569
3.06,9.0,-0.8930085922056601
3.06,9.2,-0.7527278024726929
3.06,9.4,-0.6316255113596023
3.06,9.6,-0.5281624684946957
3.06,9.8,-0.4391962772168331
3.06,10.0,-0.3615812764019678
3.06,10.2,-0.29263325962949327
3.06,10.4,-0.23034522596673443
3.06,10.6,-0.1730000190121018
3.06,10.8,-0.11906184241703383
3.06,11.0,-0.06682351877264077
3.06,11.2,-0.014517850976698932
3.06,11.4,0.04614016495550845
3.06,11.6,0.10222304402295244
3.06,11.8,0.16233038367013122
3.06,12.0,0.22580258130329078
3.06,12.2,0.29189504683613404
3.06,12.4,0.3617266628403433
3.06,12.6,0.432387238727017
3.14,0.0,-9.854556159973297
3.14,0.2,-9.65455616016185
3.14,0.4,-9.454556160142154
3.14,0.6,-9.254556159734197
3.14,0.8,-9.054556159300105
3.14,1.0,-8.854556158904723
3.14,1.2,-8.654556158555735
3.14,1.4,-8.454556158028762
3.14,1.6,-8.254556157434987
3.14,1.8,-8.05455615645462
3.14,2.0,-7.854556154575574
3.14,2.2,-7.654556152179108
3.14,2.4,-7.454556147145299
3.14,2.6,-7.254556139102676
3.14,2.8,-7.054556127132089
3.14,3.0,-6.854556106557763
3.14,3.2,-6.654556081113543
3.14,3.4,-6.454556029834492
3.14,3.6,-6.254555950895937
3.14,3.8,-6.054555843513082
3.14,4.0,-5.8545556743412295
3.14,4.2,-5.65455537992403
3.14,4.4,-5.454554944744676
3.14,4.6,-5.254554229112275
3.14,4.8,-5.0545530564601835
3.14,5.0,-4.8545513485159875
3.14,5.2,-4.65454847413854
3.14,5.4,-4.454544273775183
3.14,5.6,-4.254537507740444
3.14,5.8,-4.054527200730699
3.14,6.0,-3.8545125559910467
3.14,6.2,-3.654491436462425
3.14,6.4,-3.4544621147808474
3.14,6.6,-3.2544310104497924
3.14,6.8,-3.0544149552203277
3.14,7.0,-2.854452930895282
3.14,7.2,-2.6546103505860996
3.14,7.4,-2.45506859320763
3.14,7.6,-2.2562295812892437
3.14,7.8,-2.058603620352032
3.14,8.0,-1.8627273822877628
3.14,8.2,-1.669217340820757
3.14,8.4,-1.479810451470273
3.14,8.6,-1.2966172534333775
3.14,8.8,-1.1220481213273736
3.14,9.0,-0.9583402467229436
3.14,9.2,-0.8101991480040651
3.14,9.4,-0.6798268257640171
3.14,9.6,-0.5674203931659614
3.14,9.8,-0.4704407274146549
3.14,10.0,-0.3862178558785667
3.14,10.2,-0.31176434555485905
3.14,10.4,-0.24484223486245865
3.14,10.6,-0.1836102405419853
3.14,10.8,-0.1264239885200964
3.14,11.0,-0.07164240238433742
3.14,11.2,-0.01755883791012807
3.14,11.4,0.04031913256913923
3.14,11.6,0.09734402420310191
3.14,11.8,0.1594092549732512
3.14,12.0,0.22470248626167874
3.14,12.2,0.2911341532768912
3.14,12.4,0.36118321928606456
3.14,12.6,0.432083826977225
3.22,0.2,-9.734556160311891
3.22,0.4,-9.534556160419775
3.22,0.6,-9.334556160049484
3.22,0.8,-9.13455615974328
3.22,1.0,-8.934556159489548
3.22,1.2,-8.734556159248642
3.22,1.4,-8.534556158944959
3.22,1.6,-8.334556158573353
3.22,1.8,-8.134556158298038
3.22,2.0,-7.934556157534505
3.22,2.2,-7.734556156040867
3.22,2.4,-7.534556154460281
3.22,2.6,-7.33455614927738
3.22,2.8,-7.13455614386787
3.22,3.0,-6.934556133792662
3.22,3.2,-6.734556117361106
3.22,3.4,-6.534556100802109
3.22,3.6,-6.334556051288122
3.22,3.8,-6.134555998677752
3.22,4.0,-5.934555912147576
3.22,4.2,-5.734555779701707
3.22,4.4,-5.534555532527055
3.22,4.6,-5.334555217592003
3.22,4.8,-5.1345546103020165
3.22,5.0,-4.934553707699874
3.22,5.2,-4.734552410823172
3.22,5.4,-4.53455003279111
3.22,5.6,-4.33454704073066
3.22,5.8,-4.1345415033685455
3.22,6.0,-3.9345341768992936
3.22,6.2,-3.734523663417065
3.22,6.4,-3.5345093916729136
3.22,6.6,-3.3344931628534353
3.22,6.8,-3.134487049592381
3.22,7.0,-2.934523784848019
3.22,7.2,-2.734648302119055
3.22,7.4,-2.5349386859958316
3.22,7.6,-2.335809599234101
3.22,7.8,-2.1377134099304107
3.22,8.0,-1.941349719897249
3.22,8.2,-1.7468999028497882
3.22,8.4,-1.556059147708785
3.22,8.6,-1.3705714375331604
3.22,8.8,-1.193225327741391
3.22,9.0,-1.0243190528921775
3.22,9.2,-0.8688850903120857
3.22,9.4,-0.7297665364542748
3.22,9.6,-0.6085531037624748
3.22,9.8,-0.503503978619467
3.22,10.0,-0.4124128164774088
3.22,10.2,-0.33223098053125283
3.22,10.4,-0.26048895508557324
3.22,10.6,-0.19521952864211803
3.22,10.8,-0.1346532551293662
3.22,11.0,-0.07718079754426047
3.22,11.2,-0.02114439569564264
3.22,11.4,0.03509785225003055
3.22,11.6,0.09312277140543879
3.22,11.8,0.15654626987746792
3.22,12.0,0.22304636849972018
3.22,12.2,0.28993516217537296
3.22,12.4,0.36032512168801767
3.22,12.6,0.43163595534240656
3.3,0.2,-9.814556160303649
3.3,0.4,-9.614556160120028
3.3,0.6,-9.414556159670752
3.3,0.8,-9.214556159708744
3.3,1.0,-9.014556159811338
3.3,1.2,-8.814556159712955
3.3,1.4,-8.614556159300685
3.3,1.6,-8.41455615885068
3.3,1.8,-8.21455615890583
3.3,2.0,-8.014556158725204
3.3,2.2,-7.814556157850735
3.3,2.4,-7.6145561565415285
3.3,2.6,-7.414556153231038
3.3,2.8,-7.214556150044198
3.3,3.0,-7.014556144284894
3.3,3.2,-6.8145561345718155
3.3,3.4,-6.614556124221525
3.3,3.6,-6.414556095562906
3.3,3.8,-6.214556062919008
3.3,4.0,-6.014556011252978
3.3,4.2,-5.8145559318888935
3.3,4.4,-5.614555785851312
3.3,4.6,-5.414555594822107
3.3,4.8,-5.214555237149299
3.3,5.0,-5.014554696969584
3.3,5.2,-4.814553920305265
3.3,5.4,-4.614552519612811
3.3,5.6,-4.414550724348377
3.3,5.8,-4.214547491126031
3.3,6.0,-4.0145431956736655
3.3,6.2,-3.8145371768914793
3.3,6.4,-3.6145292781861036
3.3,6.6,-3.414520963857764
3.3,6.8,-3.2145214141715206
3.3,7.0,-3.0145539660885174
3.3,7.2,-2.814658579267464
3.3,7.4,-2.614894607571775
3.3,7.6,-2.4155146992507497
3.3,7.8,-2.216970413401693
3.3,8.0,-2.0198555852475923
3.3,8.2,-1.8246180674749386
3.3,8.4,-1.6322647237294636
3.3,8.6,-1.4447313818936043
3.3,8.8,-1.2643057072103978
3.3,9.0,-1.0922393139299738
3.3,9.2,-0.9312148227862277
3.3,9.4,-0.7849214357675878
3.3,9.6,-0.6553101718818621
3.3,9.8,-0.5420236325999309
3.3,10.0,-0.44328292023278615
3.3,10.2,-0.3567042624805924
3.3,10.4,-0.2795848091357861
3.3,10.6,-0.2098260163182441
3.3,10.8,-0.14548388314030056
3.3,11.0,-0.08487772725181537
3.3,11.2,-0.026363665963961863
3.3,11.4,0.03167582805180887
3.3,11.6,0.09087481958561866
3.3,11.8,0.1538577155771324
3.3,12.0,0.21972218265171828
3.3,12.2,0.28742187850611917
3.3,12.4,0.35852306200110723
3.3,12.6,0.430754704071993
3.38,0.2,-9.894556160295405
3.38,0.4,-9.69455615982028
3.38,0.6,-9.494556159292022
3.38,0.8,-9.294556159674208
3.38,1.0,-9.094556160133129
3.38,1.2,-8.894556160177267
3.38,1.4,-8.694556159656411
3.38,1.6,-8.494556159128008
3.38,1.8,-8.294556159513625
3.38,2.0,-8.094556159915903
3.38,2.2,-7.894556159660603
3.38,2.4,-7.6945561586227775
3.38,2.6,-7.494556157184697
3.38,2.8,-7.29455615622053
3.38,3.0,-7.094556154777125
3.38,3.2,-6.894556151782524
3.38,3.4,-6.69455614764094
3.38,3.6,-6.49455613983769
3.38,3.8,-6.294556127160263
3.38,4.0,-6.094556110358381
3.38,4.2,-5.894556084076081
3.38,4.4,-5.694556039175572
3.38,4.6,-5.494555972052213
3.38,4.8,-5.2945558639965835
3.38,5.0,-5.0945556862392944
3.38,5.2,-4.894555429787359
3.38,5.4,-4.694555006434513
3.38,5.6,-4.494554407966094
3.38,5.8,-4.294553478883517
3.38,6.0,-4.094552214448037
3.38,6.2,-3.894550690365895
3.38,6.4,-3.6945491646992945
3.38,6.6,-3.4945487648620928
3.38,6.8,-3.294555778750661
3.38,7.0,-3.094584147329015
3.38,7.2,-2.894668856415873
3.38,7.4,-2.694850529147719
3.38,7.6,-2.495219799267399
3.38,7.8,-2.2962274168729757
3.38,8.0,-2.0983614505979364
3.38,8.2,-1.9023362321000892
3.38,8.4,-1.708470299750142
3.38,8.6,-1.518891326254049
3.38,8.8,-1.3353860866794052
3.38,9.0,-1.1601595749677711
3.38,9.2,-0.99354455526037
3.38,9.4,-0.8400763350809012
3.38,9.6,-0.7020672400012495
3.38,9.8,-0.5805432865803948
3.38,10.0,-0.4741530239881634
3.38,10.2,-0.38117754442993185
3.38,10.4,-0.2986806631859992
3.38,10.6,-0.2244325039943703
3.38,10.8,-0.15631451115123507
3.38,11.0,-0.09257465695937037
3.38,11.2,-0.031582936232281075
3.38,11.4,0.0282538038535873
3.38,11.6,0.08862686776579859
3.38,11.8,0.15116916127679692
3.38,12.0,0.21639799680371638
3.38,12.2,0.28490859483686537
3.38,12.4,0.3567210023141966
3.38,12.6,0.4298734528015794
3.46,0.4,-9.774556159194889
3.46,0.6,-9.574556158886583
3.46,0.8,-9.374556159289643
3.46,1.0,-9.174556159608908
3.46,1.2,-8.97455615958945
3.46,1.4,-8.774556159229013
3.46,1.6,-8.574556159000581
3.46,1.8,-8.374556159483518
3.46,2.0,-8.174556159968738
3.46,2.2,-7.974556159995796
3.46,2.4,-7.774556159467487
3.46,2.6,-7.5745561590105845
3.46,2.8,-7.374556158946722
3.46,3.0,-7.174556159438675
3.46,3.2,-6.974556159306447
3.46,3.4,-6.7745561588370675
3.46,3.6,-6.574556159111712
3.46,3.8,-6.374556155818874
3.46,4.0,-6.174556156806667
3.46,4.2,-5.974556154704236
3.46,4.4,-5.774556152756837
3.46,4.6,-5.574556145644085
3.46,4.8,-5.374556147560503
3.46,5.0,-5.174556129601298
3.46,5.2,-4.974556125065072
3.46,5.4,-4.7745561260425795
3.46,5.6,-4.574556099620626
3.46,5.8,-4.374556203178601
3.46,6.0,-4.17455629962241
3.46,6.2,-3.9745569304774984
3.46,6.4,-3.774558310921577
3.46,6.6,-3.5745616461526524
3.46,6.8,-3.374571472587274
3.46,7.0,-3.1745982126822208
3.46,7.2,-2.9746686816884917
3.46,7.4,-2.77481709167419
3.46,7.6,-2.57508851712942
3.46,7.8,-2.3758134255387855
3.46,8.0,-2.177423343953254
3.46,8.2,-1.9805624100636927
3.46,8.4,-1.7856001666477472
3.46,8.6,-1.594129012703341
3.46,8.8,-1.4079868767636727
3.46,9.0,-1.2293948398940413
3.46,9.2,-1.0588508158143881
3.46,9.4,-0.8995267327477421
3.46,9.6,-0.7543439640501683
3.46,9.8,-0.6248912066517004
3.46,10.0,-0.5107312913431561
3.46,10.2,-0.41052471451552675
3.46,10.4,-0.3219098256508637
3.46,10.6,-0.24250246254840527
3.46,10.8,-0.17010776486243562
3.46,11.0,-0.10280920088760259
3.46,11.2,-0.03892061674986411
3.46,11.4,0.023194242526745817
3.46,11.6,0.0852127987615646
3.46,11.8,0.1485520521174204
3.46,12.0,0.2142178707624272
3.46,12.2,0.283242873678072
3.46,12.4,0.35543832513100276
3.46,12.6,0.42911697785172054
3.54,0.4,-9.854556158460952
3.54,0.6,-9.654556158472243
3.54,0.8,-9.454556158788405
3.54,1.0,-9.254556158802687
3.54,1.2,-9.054556158650925
3.54,1.4,-8.854556158540571
3.54,1.6,-8.654556158738238
3.54,1.8,-8.454556159240775
3.54,2.0,-8.254556159642286
3.54,2.2,-8.054556159839434
3.54,2.4,-7.854556159900017
3.54,2.6,-7.654556160127219
3.54,2.8,-7.454556160522866
3.54,3.0,-7.254556162156663
3.54,3.2,-7.0545561636014416
3.54,3.4,-6.854556165958765
3.54,3.6,-6.654556170052146
3.54,3.8,-6.454556172616606
3.54,4.0,-6.254556185702581
3.54,4.2,-6.054556198146047
3.54,4.4,-5.854556219757107
3.54,4.6,-5.6545562513565475
3.54,4.8,-5.454556316696637
3.54,5.0,-5.2545563909940665
3.54,5.2,-5.054556548941329
3.54,5.4,-4.854556789912776
3.54,5.6,-4.654557127287443
3.54,5.8,-4.454557839652901
3.54,6.0,-4.254558740263478
3.54,6.2,-4.054560746134873
3.54,6.4,-3.8545638770469526
3.54,6.6,-3.6545695542053753
3.54,6.8,-3.4545809428431538
3.54,7.0,-3.2546069060730884
3.54,7.2,-3.054665023002574
3.54,7.4,-2.854787201184108
3.54,7.6,-2.655011774272283
3.54,7.8,-2.455509102600862
3.54,8.0,-2.2566705799736715
3.54,8.2,-2.058957925803834
3.54,8.4,-1.8630381304989667
3.54,8.6,-1.6697259465093313
3.54,8.8,-1.481094470377542
3.54,9.0,-1.2990684394421763
3.54,9.2,-1.125149252377768
3.54,9.4,-0.9604089631741785
3.54,9.6,-0.8084605733769171
3.54,9.8,-0.6711818820528158
3.54,10.0,-0.5492122798649133
3.54,10.2,-0.44149651395160483
3.54,10.4,-0.3465167575633055
3.54,10.6,-0.2617269113749882
3.54,10.8,-0.18488856045654165
3.54,11.0,-0.1138896162080092
3.54,11.2,-0.04696443400491497
3.54,11.4,0.01758883549986226
3.54,11.6,0.08141002403595612
3.54,11.8,0.14595875800461589
3.54,12.0,0.21241909798340666
3.54,12.2,0.28185967335118295
3.54,12.4,0.35432877544603536
3.54,12.6,0.42840209500798937
3.62,0.6,-9.73455615832015
3.62,0.8,-9.53455615851181
3.62,1.0,-9.33455615828457
3.62,1.2,-9.13455615808793
3.62,1.4,-8.934556158191649
3.62,1.6,-8.734556158662146
3.62,1.8,-8.53455615909343
3.62,2.0,-8.334556159364055
3.62,2.2,-8.134556159734803
3.62,2.4,-7.934556160274185
3.62,2.6,-7.734556161024923
3.62,2.8,-7.534556161771814
3.62,3.0,-7.3345561640936126
3.62,3.2,-7.134556166931321
3.62,3.4,-6.934556171464659
3.62,3.6,-6.734556178589133
3.62,3.8,-6.534556186195012
3.62,4.0,-6.3345562074828505
3.62,4.2,-6.134556232573195
3.62,4.4,-5.934556272212028
3.62,4.6,-5.734556333860822
3.62,4.8,-5.53455644629927
3.62,5.0,-5.334556595831708
3.62,5.2,-5.134556873614482
3.62,5.4,-4.934557303043817
3.62,5.6,-4.734557927867776
3.62,5.8,-4.534559089171861
3.62,6.0,-4.334560649160448
3.62,6.2,-4.134563646370243
3.62,6.4,-3.9345681653810503
3.62,6.6,-3.734575595075635
3.62,6.8,-3.534588090468082
3.62,7.0,-3.3346128530933705
3.62,7.2,-3.134660362523812
3.62,7.4,-2.9347587567041655
3.62,7.6,-2.7349405202457566
3.62,7.8,-2.5352540578993112
3.62,8.0,-2.3360302072133043
3.62,8.2,-2.1375871014900767
3.62,8.4,-1.9407554378954497
3.62,8.6,-1.7458158652889681
3.62,8.8,-1.5548097076071732
3.62,9.0,-1.36950745641217
3.62,9.2,-1.1921273908103616
3.62,9.4,-1.0224460381675167
3.62,9.6,-0.8641045430225868
3.62,9.8,-0.7193784649822952
3.62,10.0,-0.5896855585840453
3.62,10.2,-0.4744256187696634
3.62,10.4,-0.3728524956536629
3.62,10.6,-0.28241569535738426
3.62,10.8,-0.20087607285992393
3.62,11.0,-0.1259760935402115
3.62,11.2,-0.05584604969585518
3.62,11.4,0.01129305596434476
3.62,11.6,0.0770640661741399
3.62,11.8,0.1429678990821383
3.62,12.0,0.21034609427074213
3.62,12.2,0.28030245327182485
3.62,12.4,0.35311028717102977
3.62,12.6,0.42761011032174784
3.7,0.6,-9.814556158954808
3.7,0.8,-9.614556158909153
3.7,1.0,-9.414556158630777
3.7,1.2,-9.214556158651519
3.7,1.4,-9.014556158861273
3.7,1.6,-8.814556159144804
3.7,1.8,-8.614556159232276
3.7,2.0,-8.41455615923049
3.7,2.2,-8.21455615978537
3.7,2.4,-8.014556160473264
3.7,2.6,-7.814556161265827
3.7,2.8,-7.614556162039159
3.7,3.0,-7.41455616368744
3.7,3.2,-7.214556167365855
3.7,3.4,-7.0145561721231395
3.7,3.6,-6.814556179915782
3.7,3.8,-6.614556190115439
3.7,4.0,-6.414556207916184
3.7,4.2,-6.2145562399563525
3.7,4.4,-6.014556281030904
3.7,4.6,-5.814556346740524
3.7,4.8,-5.614556457301387
3.7,5.0,-5.414556631003961
3.7,5.2,-5.214556900678322
3.7,5.4,-5.01455736395738
3.7,5.6,-4.814558047188632
3.7,5.8,-4.614559177824757
3.7,6.0,-4.414560962825067
3.7,6.2,-4.214563800339507
3.7,6.4,-4.0145686203411906
3.7,6.6,-3.814576034398324
3.7,6.8,-3.614588270199935
3.7,7.0,-3.4146105610016253
3.7,7.2,-3.214652696666418
3.7,7.4,-3.014734650254782
3.7,7.6,-2.8148857327115966
3.7,7.8,-2.6151468479116744
3.7,8.0,-2.4157270081215305
3.7,8.2,-2.2169172570373847
3.7,8.4,-2.0193107759549354
3.7,8.6,-1.8233847390375713
3.7,8.8,-1.6303478757432868
3.7,9.0,-1.4422427257223067
3.7,9.2,-1.2611446349168125
3.7,9.4,-1.087947646974063
3.7,9.6,-0.9243305937738112
3.7,9.8,-0.7732927706825361
3.7,10.0,-0.6361357080893862
3.7,10.2,-0.5132266399243396
3.7,10.4,-0.4043746524461832
3.7,10.6,-0.30749748494987145
3.7,10.8,-0.2204837358086906
3.7,11.0,-0.14108075700580958
3.7,11.2,-0.06724106077608002
3.7,11.4,0.002926158835671217
3.7,11.6,0.07108855885078516
3.7,11.8,0.13878434569191175
3.7,12.0,0.20745039773043084
3.7,12.2,0.2782231739181068
3.7,12.4,0.35156498311529644
3.7,12.6,0.4265868201004639
3.78,0.6,-9.894556159589463
3.78,0.8,-9.694556159306494
3.78,1.0,-9.49455615897698
3.78,1.2,-9.294556159215107
3.78,1.4,-9.094556159530896
3.78,1.6,-8.894556159627463
3.78,1.8,-8.694556159371118
3.78,2.0,-8.494556159096923
3.78,2.2,-8.294556159835935
3.78,2.4,-8.094556160672342
3.78,2.6,-7.894556161506732
3.78,2.8,-7.694556162306505
3.78,3.0,-7.494556163281268
3.78,3.2,-7.294556167800387
3.78,3.4,-7.094556172781622
3.78,3.6,-6.894556181242432
3.78,3.8,-6.694556194035865
3.78,4.0,-6.4945562083495165
3.78,4.2,-6.29455624733951
3.78,4.4,-6.0945562898497805
3.78,4.6,-5.894556359620227
3.78,4.8,-5.694556468303504
3.78,5.0,-5.494556666176215
3.78,5.2,-5.294556927742159
3.78,5.4,-5.094557424870941
3.78,5.6,-4.894558166509488
3.78,5.8,-4.694559266477654
3.78,6.0,-4.494561276489685
3.78,6.2,-4.294563954308769
3.78,6.4,-4.0945690753013295
3.78,6.6,-3.8945764737210133
3.78,6.8,-3.6945884499317865
3.78,7.0,-3.49460826890988
3.78,7.2,-3.2946450308090243
3.78,7.4,-3.0947105438053977
3.78,7.6,-2.8948309451774357
3.78,7.8,-2.6950396379240376
3.78,8.0,-2.4954238090297576
3.78,8.2,-2.296247412584693
3.78,8.4,-2.0978661140144204
3.78,8.6,-1.9009536127861737
3.78,8.8,-1.7058860438794001
3.78,9.0,-1.5149779950324427
3.78,9.2,-1.330161879023263
3.78,9.4,-1.153449255780609
3.78,9.6,-0.9845566445250353
3.78,9.8,-0.8272070763827766
3.78,10.0,-0.682585857594727
3.78,10.2,-0.5520276610790154
3.78,10.4,-0.43589680923870333
3.78,10.6,-0.33257927454235847
3.78,10.8,-0.24009139875745725
3.78,11.0,-0.15618542047140752
3.78,11.2,-0.07863607185630478
3.78,11.4,-0.005440738293002349
3.78,11.6,0.06511305152743045
3.78,11.8,0.1346007923016852
3.78,12.0,0.20455470119011948
3.78,12.2,0.2761438945643887
3.78,12.4,0.35001967905956294
3.78,12.6,0.42556352987918
3.86,0.8,-9.774556159402126
3.86,1.0,-9.574556159224535
3.86,1.2,-9.374556159491286
3.86,1.4,-9.174556159677902
3.86,1.6,-8.974556159650762
3.86,1.8,-8.774556159402126
3.86,2.0,-8.574556159224537
3.86,2.2,-8.374556159836088
3.86,2.4,-8.174556160581046
3.86,2.6,-7.974556161311532
3.86,2.8,-7.774556162167946
3.86,3.0,-7.574556163229296
3.86,3.2,-7.374556167036685
3.86,3.4,-7.174556172096179
3.86,3.6,-6.9745561797504765
3.86,3.8,-6.7745561922476965
3.86,4.0,-6.574556206719935
3.86,4.2,-6.374556240292074
3.86,4.4,-6.17455628574095
3.86,4.6,-5.974556351545913
3.86,4.8,-5.774556453910679
3.86,5.0,-5.574556637156358
3.86,5.2,-5.374556895951099
3.86,5.4,-5.174557347997931
3.86,5.6,-4.974558067079196
3.86,5.8,-4.7745591154454745
3.86,6.0,-4.57456097167595
3.86,6.2,-4.374563591025787
3.86,6.4,-4.174568212974937
3.86,6.6,-3.9745753148947283
3.86,6.8,-3.774586371776442
3.86,7.0,-3.5746041419920846
3.86,7.2,-3.374635805453332
3.86,7.4,-3.1746910480816224
3.86,7.6,-2.974790312533417
3.86,7.8,-2.77496142851942
3.86,8.0,-2.5752532613035135
3.86,8.2,-2.3758665671392785
3.86,8.4,-2.1770538159123625
3.86,8.6,-1.979399904168165
3.86,8.8,-1.7831917711652376
3.86,9.0,-1.5901314290957096
3.86,9.2,-1.4022002626491297
3.86,9.4,-1.2216002144336684
3.86,9.6,-1.0485253990597192
3.86,9.8,-0.8855952608006861
3.86,10.0,-0.7347250402708587
3.86,10.2,-0.5970951380790228
3.86,10.4,-0.4735271083810212
3.86,10.6,-0.36318897844535936
3.86,10.8,-0.2644097091624658
3.86,11.0,-0.17516834375731857
3.86,11.2,-0.09320086151052
3.86,11.4,-0.016420916655969238
3.86,11.6,0.05700545920834001
3.86,11.8,0.12874901327528349
3.86,12.0,0.20039084148579298
3.86,12.2,0.27316820068453546
3.86,12.4,0.34789790948337435
3.86,12.6,0.42413514188729023
3.94,0.8,-9.85455615939719
3.94,1.0,-9.654556159439212
3.94,1.2,-9.454556159671665
3.94,1.4,-9.254556159650706
3.94,1.6,-9.054556159520942
3.94,1.8,-8.85455615939719
3.94,2.0,-8.65455615943921
3.94,2.2,-8.454556159819436
3.94,2.4,-8.254556160392958
3.94,2.6,-8.054556160970964
3.94,2.8,-7.854556161894089
3.94,3.0,-7.654556163295393
3.94,3.2,-7.454556165873569
3.94,3.4,-7.2545561709627595
3.94,3.6,-7.054556177318987
3.94,3.8,-6.854556188556664
3.94,4.0,-6.6545562044027164
3.94,4.2,-6.454556228434442
3.94,4.4,-6.254556277322882
3.94,4.6,-6.054556336486929
3.94,4.8,-5.854556431052873
3.94,5.0,-5.654556586739131
3.94,5.2,-5.454556844541741
3.94,5.4,-5.254557225196065
3.94,5.6,-5.054557894731854
3.94,5.8,-4.854558884518271
3.94,6.0,-4.65456046070277
3.94,6.2,-4.454563055325394
3.94,6.4,-4.254566911553044
3.94,6.6,-4.05457362335213
3.94,6.8,-3.8545835409920484
3.94,7.0,-3.6545994034656193
3.94,7.2,-3.454626060264885
3.94,7.4,-3.254673089266349
3.94,7.6,-3.0547543981860095
3.94,7.8,-2.8548928859755964
3.94,8.0,-2.655126930698138
3.94,8.2,-2.4555820546941667
3.94,8.4,-2.2564523057518127
3.94,8.6,-2.0581386680881746
3.94,8.8,-1.861086684821334
3.94,9.0,-1.6660909180589256
3.94,9.2,-1.475245692759278
3.94,9.4,-1.2906342896827732
3.94,9.6,-1.1137417214947334
3.94,9.8,-0.9454747380916251
3.94,10.0,-0.7887605672954683
3.94,10.2,-0.6442514336481142
3.94,10.4,-0.5131934549284078
3.94,10.6,-0.39564132041126254
3.94,10.8,-0.29029823535162225
3.94,11.0,-0.19544402028818167
3.94,11.2,-0.10882224399945026
3.94,11.4,-0.02827218874450619
3.94,11.6,0.04818717190633107
3.94,11.8,0.12234115904907641
3.94,12.0,0.19580426073610926
3.94,12.2,0.26989370196922136
3.94,12.4,0.3455839847379347
3.94,12.6,0.42257172130817405
