7.00000000E+01 2.20000000E+01 
 den
 1.00000000E-10 3.16227766E-10 1.00000000E-09 3.16227766E-09 1.00000000E-08 
 3.16227766E-08 1.00000000E-07 3.16227766E-07 1.00000000E-06 2.15443469E-06
 4.64158883E-06 1.00000000E-05 2.15443469E-05 4.64158883E-05 1.00000000E-04
 1.77827941E-04 3.16227766E-04 5.62341325E-04 1.00000000E-03 1.77827941E-03
 3.16227766E-03 5.62341325E-03 1.00000000E-02 2.00000000E-02 3.00000000E-02
 4.00000000E-02 5.00000000E-02 7.77777778E-02 1.05555556E-01 1.33333333E-01
 1.61111111E-01 1.88888889E-01 2.16666667E-01 2.44444444E-01 2.72222222E-01
 3.00000000E-01 3.25000000E-01 3.50000000E-01 3.75000000E-01 4.00000000E-01
 4.25000000E-01 4.50000000E-01 4.75000000E-01 5.00000000E-01 5.25000000E-01
 5.40000000E-01 5.50000000E-01 5.60000000E-01 5.75000000E-01 6.00000000E-01
 6.24415153E-01 6.52357904E-01 6.84433764E-01 7.21246145E-01 7.63385855E-01
 8.11513815E-01 8.66272132E-01 9.27777828E-01 9.96029990E-01 1.07260751E+00
 1.15909053E+00 1.25733651E+00 1.36946606E+00 1.49790275E+00 1.64542628E+00
 1.81526780E+00 2.01120843E+00 2.23769867E+00 2.50000000E+00 3.00000000E+00
 temp
 2.00000000E+01 4.50000000E+01 7.00000000E+01 9.50000000E+01 1.23398497E+02 
 1.60286202E+02 1.75000000E+02 1.85000000E+02 1.95000000E+02 2.01000000E+02 
 2.08200805E+02 2.70438594E+02 3.51281223E+02 4.56290264E+02 5.92689820E+02 
 7.69863507E+02 1.00000000E+03 1.58489319E+03 2.51188643E+03 3.98107171E+03 
 6.30957344E+03 1.00000000E+04 
 1
 0.00000000E+00 0.00000000E+00 0.00000000E+00 0.00000000E+00 0.00000000E+00 
 0.00000000E+00 0.00000000E+00 0.00000000E+00 0.00000000E+00 0.00000000E+00 
 0.00000000E+00 0.00000000E+00 0.00000000E+00 0.00000000E+00 0.00000000E+00 
 0.00000000E+00 0.00000000E+00 0.00000000E+00 0.00000000E+00 0.00000000E+00 
 0.00000000E+00 0.00000000E+00 0.00000000E+00 0.00000000E+00 0.00000000E+00 
 0.00000000E+00 0.00000000E+00 0.00000000E+00 0.00000000E+00 0.00000000E+00 
 0.00000000E+00 0.00000000E+00 0.00000000E+00 0.00000000E+00 0.00000000E+00 
 0.00000000E+00 0.00000000E+00 0.00000000E+00 0.00000000E+00 0.00000000E+00 
 0.00000000E+00 0.00000000E+00 0.00000000E+00 0.00000000E+00 1.30860571E-02 
 8.53547557E-02 1.40979127E-01 2.02951705E-01 3.08370820E-01 5.20776305E-01 
 7.77230059E-01 1.13741471E+00 1.64947063E+00 2.38326193E+00 3.43194881E+00 
 4.91714017E+00 6.99985151E+00 9.86396172E+00 1.37239728E+01 1.89467834E+01 
 2.60249976E+01 3.56385949E+01 4.87182237E+01 6.65327888E+01 9.08066653E+01 
 1.23882399E+02 1.68939862E+02 2.30294583E+02 3.13804541E+02 5.34047000E+02
 2
 2.33221547E-12 7.37511282E-12 2.26524605E-11 2.26524605E-11 2.26524605E-11 
 2.26524605E-11 2.26524605E-11 2.26524605E-11 2.26524605E-11 2.26524605E-11 
 2.26524605E-11 2.26524605E-11 2.26524605E-11 2.26524605E-11 2.26524605E-11 
 2.26524605E-11 2.26524605E-11 2.26524605E-11 2.26524605E-11 2.26524605E-11 
 2.26524605E-11 2.26524605E-11 2.26524605E-11 2.26524605E-11 2.26524605E-11 
 2.26524605E-11 2.26524605E-11 2.26524605E-11 2.26524605E-11 2.26524605E-11 
 2.26524605E-11 2.26524605E-11 2.26524605E-11 2.26524605E-11 2.26524605E-11 
 2.26524605E-11 2.26524605E-11 2.26524605E-11 2.26524605E-11 2.26524605E-11 
 2.26524605E-11 2.26524605E-11 2.26524605E-11 2.26524605E-11 3.89024204E-02 
 1.08810324E-01 1.62924655E-01 2.23450096E-01 3.26815719E-01 5.36146676E-01 
 7.90019441E-01 1.14773606E+00 1.65752831E+00 2.38934454E+00 3.43639976E+00 
 4.92031301E+00 7.00207115E+00 9.86550259E+00 1.37250446E+01 1.89475302E+01 
 2.60255190E+01 3.56389600E+01 4.87184801E+01 6.65329696E+01 9.08067935E+01 
 1.23882491E+02 1.68939928E+02 2.30294630E+02 3.13804576E+02 5.34105000E+02
 3
 3.62789073E-12 1.14723978E-11 3.62789066E-11 1.14723970E-10 3.62788990E-10
 1.14723894E-09 3.62788230E-09 1.14723134E-08 3.62780632E-08 7.81566192E-08
 1.68373601E-07 2.92042793E-07 2.92042793E-07 2.92042793E-07 2.92042793E-07
 2.92042793E-07 2.92042793E-07 2.92042793E-07 2.92042793E-07 2.92042793E-07
 2.92042793E-07 2.92042793E-07 2.92042793E-07 2.92042793E-07 2.92042793E-07
 2.92042793E-07 2.92042793E-07 2.92042793E-07 2.92042793E-07 2.92042793E-07
 2.92042793E-07 2.92042793E-07 2.92042793E-07 2.92042793E-07 2.92042793E-07
 2.92042793E-07 2.92042793E-07 2.92042793E-07 2.92042793E-07 2.92042793E-07
 2.92042793E-07 2.92042793E-07 2.92042793E-07 2.92042793E-07 8.21157076E-02
 1.50443515E-01 2.03452245E-01 2.62837987E-01 3.64436739E-01 5.70730554E-01
 8.21597933E-01 1.17592548E+00 1.68200999E+00 2.40993551E+00 3.45311572E+00
 4.93338967E+00 7.01194296E+00 9.87274790E+00 1.37302681E+01 1.89512447E+01
 2.60281390E+01 3.56408017E+01 4.87197753E+01 6.65338832E+01 9.08074411E+01
 1.23882953E+02 1.68940260E+02 2.30294871E+02 3.13804751E+02 5.34163000E+02
 4
 4.92356600E-12 1.55696827E-11 4.92356592E-11 1.55696820E-10 4.92356517E-10
 1.55696744E-09 4.92355760E-09 1.55695987E-08 4.92348196E-08 1.06071114E-07
 2.28513602E-07 4.92272775E-07 1.06036232E-06 2.28352892E-06 4.91537765E-06
 8.73002217E-06 1.54911586E-05 2.26276541E-05 2.26276541E-05 2.26276541E-05
 2.26276541E-05 2.26276541E-05 2.26276541E-05 2.26276541E-05 2.26276541E-05
 2.26276541E-05 2.26276541E-05 2.26276541E-05 2.26276541E-05 2.26276541E-05
 2.26276541E-05 2.26276541E-05 2.26276541E-05 2.26276541E-05 2.26276541E-05
 2.26276541E-05 2.26276541E-05 2.26276541E-05 2.26276541E-05 2.26276541E-05
 2.26276541E-05 2.92483303E-03 1.76307509E-02 4.59483445E-02 1.31967300E-01
 1.99506651E-01 2.51936337E-01 3.10701886E-01 4.11295038E-01 6.15729362E-01
 8.64589375E-01 1.21643661E+00 1.71951052E+00 2.44388293E+00 3.48302890E+00
 4.95893268E+00 7.03301242E+00 9.88955177E+00 1.37432818E+01 1.89610426E+01
 2.60353385E+01 3.56459949E+01 4.87234782E+01 6.65365113E+01 9.08093079E+01
 1.23884285E+02 1.68941217E+02 2.30295563E+02 3.13805257E+02 5.34221000E+02
 5
 6.39537522E-12 2.02239521E-11 6.39537515E-11 2.02239514E-10 6.39537440E-10
 2.02239439E-09 6.39536687E-09 2.02238687E-08 6.39529168E-08 1.37780306E-07
 2.96829041E-07 6.39454191E-07 1.37745632E-06 2.96669328E-06 6.38724338E-06
 1.13475250E-05 2.01463788E-05 3.57278947E-05 6.32439002E-05 1.11562429E-04
 1.95614936E-04 2.73813174E-04 2.73813174E-04 2.73813174E-04 2.73813174E-04
 2.73813174E-04 2.73813174E-04 2.73813174E-04 2.73813174E-04 2.73813174E-04
 2.73813174E-04 2.73813174E-04 2.73813174E-04 2.73813174E-04 2.73813174E-04
 2.73813174E-04 2.73813174E-04 2.73813174E-04 2.73813174E-04 2.73813174E-04
 1.63480864E-02 5.47982937E-02 1.14914790E-01 1.52648307E-01 1.92041780E-01
 2.59190706E-01 3.11315244E-01 3.69739509E-01 4.69753370E-01 6.73046281E-01
 9.20586406E-01 1.27069360E+00 1.77150164E+00 2.49298637E+00 3.52855938E+00
 5.00020078E+00 7.06942310E+00 9.92075896E+00 1.37692676E+01 1.89820183E+01
 2.60517494E+01 3.56584629E+01 4.87327175E+01 6.65432343E+01 9.08141496E+01
 1.23887761E+02 1.68943720E+02 2.30297377E+02 3.13806583E+02 5.34287000E+02
 6
 8.30715466E-12 2.62695296E-11 8.30715459E-11 2.62695288E-10 8.30715384E-10
 2.62695214E-09 8.30714639E-09 2.62694468E-08 8.30707183E-08 1.78968378E-07
 3.85566135E-07 8.30632845E-07 1.78934003E-06 3.85407836E-06 8.29910005E-06
 1.47474779E-05 2.61930658E-05 4.64837989E-05 8.23882354E-05 1.45678405E-04
 2.56563968E-04 4.48399867E-04 7.72649059E-04 1.42777213E-03 1.70502610E-03
 1.70502610E-03 1.70502610E-03 1.70502610E-03 1.70502610E-03 1.70502610E-03
 1.70502610E-03 1.70502610E-03 1.70502610E-03 1.70502610E-03 1.70502610E-03
 1.70502610E-03 1.70502610E-03 6.81742339E-03 1.93733760E-02 3.94792321E-02
 7.02743176E-02 1.15946521E-01 1.81977469E-01 2.75212082E-01 3.66873275E-01
 3.66873275E-01 3.91701400E-01 4.49987497E-01 5.49732979E-01 7.52412453E-01
 9.99151938E-01 1.34810002E+00 1.84727133E+00 2.56650225E+00 3.59905976E+00
 5.06679961E+00 7.13116806E+00 9.97678384E+00 1.38189333E+01 1.90248803E+01
 2.60876621E+01 3.56876279E+01 4.87556784E+01 6.65608040E+01 9.08272855E+01
 1.23897427E+02 1.68950775E+02 2.30302522E+02 3.13810352E+02 5.34373000E+02
 7
 9.06972685E-12 2.86809945E-11 9.06972677E-11 2.86809938E-10 9.06972603E-10
 2.86809864E-09 9.06971860E-09 2.86809121E-08 9.06964431E-08 1.95397512E-07
 4.20961665E-07 9.06890366E-07 1.95363263E-06 4.20803963E-06 9.06170428E-06
 1.61036546E-05 2.86049544E-05 5.07739322E-05 9.00234342E-05 1.59282551E-04
 2.80862748E-04 4.91982557E-04 8.51526588E-04 1.59249432E-03 2.21516780E-03
 2.71796965E-03 2.82454825E-03 2.82454825E-03 2.82454825E-03 2.82454825E-03
 2.82454825E-03 2.82454825E-03 2.82454825E-03 2.82454825E-03 2.82454825E-03
 3.95521122E-03 9.55868332E-03 1.90158305E-02 3.39966644E-02 5.67664160E-02
 9.03659016E-02 1.38815585E-01 2.07324312E-01 3.02422711E-01 4.31876585E-01
 4.63011702E-01 4.63011702E-01 4.82635131E-01 5.82364983E-01 7.84967373E-01
 1.03156847E+00 1.38028045E+00 1.87907855E+00 2.59774911E+00 3.62950527E+00
 5.09613863E+00 7.15904457E+00 1.00028274E+01 1.38428051E+01 1.90462677E+01
 2.61063260E+01 3.57034440E+01 4.87686687E+01 6.65711450E+01 9.08352839E+01
 1.23903469E+02 1.68955266E+02 2.30305832E+02 3.13812790E+02 5.34408000E+02
 8
 9.58799695E-12 3.03199085E-11 9.58799688E-11 3.03199078E-10 9.58799614E-10
 3.03199004E-09 9.58798872E-09 3.03198262E-08 9.58791463E-08 2.06563312E-07
 4.45017678E-07 9.58717588E-07 2.06529152E-06 4.44860392E-06 9.57999657E-06
 1.70253598E-05 3.02441528E-05 5.36896093E-05 9.52122957E-05 1.68527246E-04
 2.97373438E-04 5.21592865E-04 9.05103025E-04 1.70423688E-03 2.39025437E-03
 2.96172237E-03 3.42045364E-03 3.80502098E-03 3.80502098E-03 3.80502098E-03
 3.80502098E-03 3.80502098E-03 3.80502098E-03 3.80502098E-03 5.14614634E-03
 9.45413242E-03 1.62650558E-02 2.71183554E-02 4.36817676E-02 6.81967388E-02
 1.03642909E-01 1.53935360E-01 2.24135135E-01 3.20573103E-01 4.50778065E-01
 5.31647916E-01 5.31647916E-01 5.31647916E-01 6.04705219E-01 8.07293706E-01
 1.05384285E+00 1.40244773E+00 1.90105968E+00 2.61943435E+00 3.65074809E+00
 5.11675071E+00 7.17879938E+00 1.00214792E+01 1.38601154E+01 1.90620020E+01
 2.61202830E+01 3.57154855E+01 4.87787478E+01 6.65793219E+01 9.08417217E+01
 1.23908407E+02 1.68958979E+02 2.30308590E+02 3.13814830E+02 5.34431000E+02
 9
 1.01062671E-11 3.19588225E-11 1.01062670E-10 3.19588217E-10 1.01062662E-09
 3.19588144E-09 1.01062589E-08 3.19587404E-08 1.01061849E-07 2.17729113E-07
 4.69073692E-07 1.01054481E-06 2.17695044E-06 4.68916828E-06 1.00982892E-05
 1.79470648E-05 3.18833495E-05 5.66052563E-05 1.00400959E-04 1.77771131E-04
 3.13881454E-04 5.51197627E-04 9.58654153E-04 1.81584697E-03 2.56522622E-03
 3.20503013E-03 3.73772253E-03 4.70011036E-03 4.93631031E-03 4.93631031E-03
 4.93631031E-03 4.93631031E-03 5.15148712E-03 6.52225024E-03 9.47090519E-03
 1.48800917E-02 2.28665964E-02 3.50793426E-02 5.31835071E-02 7.93969456E-02
 1.16644580E-01 1.68748097E-01 2.40640958E-01 3.38467532E-01 4.69602298E-01
 5.67653166E-01 6.03049123E-01 6.03049123E-01 6.27154481E-01 8.29755196E-01
 1.07628110E+00 1.42481550E+00 1.92328791E+00 2.64142511E+00 3.67236795E+00
 5.13782927E+00 7.19912143E+00 1.00408073E+01 1.38782102E+01 1.90786184E+01
 2.61351968E+01 3.57285228E+01 4.87898165E+01 6.65884339E+01 9.08489980E+01
 1.23914059E+02 1.68963274E+02 2.30311805E+02 3.13817220E+02 5.34454000E+02
 10
 1.04172291E-11 3.29421709E-11 1.04172290E-10 3.29421701E-10 1.04172283E-09
 3.29421628E-09 1.04172209E-08 3.29420890E-08 1.04171471E-07 2.24428594E-07
 4.83507300E-07 1.04164115E-06 2.24394579E-06 4.83350694E-06 1.04092647E-05
 1.85000883E-05 3.28668668E-05 5.83546345E-05 1.03514065E-04 1.83317070E-04
 3.23785031E-04 5.68957081E-04 9.90771539E-04 1.88273884E-03 2.66999495E-03
 3.35079324E-03 3.92755300E-03 5.03037107E-03 5.54507565E-03 5.69952208E-03
 5.73776217E-03 5.96867620E-03 6.74875181E-03 8.55909260E-03 1.20462594E-02
 1.81023285E-02 2.67796766E-02 3.97940153E-02 5.88020616E-02 8.60111958E-02
 1.24321217E-01 1.77498968E-01 2.50407392E-01 3.49089585E-01 4.80787383E-01
 5.78980414E-01 6.47129578E-01 6.47129578E-01 6.47129578E-01 8.43288978E-01
 1.08981314E+00 1.43832084E+00 1.93672948E+00 2.65474970E+00 3.68550231E+00
 5.15067646E+00 7.21155982E+00 1.00526990E+01 1.38894128E+01 1.90889817E+01
 2.61445781E+01 3.57368034E+01 4.87969213E+01 6.65943477E+01 9.08537725E+01
 1.23917806E+02 1.68966145E+02 2.30313967E+02 3.13818835E+02 5.34468000E+02
 11
 1.07904253E-11 3.41223208E-11 1.07904252E-10 3.41223201E-10 1.07904245E-09
 3.41223127E-09 1.07904171E-08 3.41222390E-08 1.07903435E-07 2.32468869E-07
 5.00829567E-07 1.07896093E-06 2.32434921E-06 5.00673273E-06 1.07824777E-05
 1.91637911E-05 3.40472185E-05 6.04541101E-05 1.07250127E-04 1.89972581E-04
 3.35669520E-04 5.90268180E-04 1.02930513E-03 1.96296210E-03 2.79556790E-03
 3.52535554E-03 4.15476779E-03 5.42539797E-03 6.14108703E-03 6.54075206E-03
 6.86690861E-03 7.44852629E-03 8.65662599E-03 1.09907171E-02 1.51139364E-02
 2.19407991E-02 3.14348323E-02 4.53925034E-02 6.54676319E-02 9.38511964E-02
 1.33410840E-01 1.87865648E-01 2.61987080E-01 3.61699225E-01 4.94099874E-01
 5.92581352E-01 6.67358815E-01 7.00862825E-01 7.00862825E-01 8.59581662E-01
 1.10611459E+00 1.45460420E+00 1.95295420E+00 2.67085683E+00 3.70140984E+00
 5.16627468E+00 7.22670903E+00 1.00672389E+01 1.39031744E+01 1.91017838E+01
 2.61562429E+01 3.57471766E+01 4.88058953E+01 6.66018833E+01 9.08599103E+01
 1.23922663E+02 1.68969894E+02 2.30316808E+02 3.13820964E+02 5.34485000E+02
 12
 1.40160239E-11 4.43225591E-11 1.40160238E-10 4.43225584E-10 1.40160231E-09
 4.43225512E-09 1.40160158E-08 4.43224788E-08 1.40159435E-07 3.01962351E-07
 6.50548901E-07 1.40152223E-06 3.01929009E-06 6.50395444E-06 1.40082255E-05
 2.49003002E-05 4.42491986E-05 7.85998854E-05 1.39538602E-04 2.47483404E-04
 4.38341470E-04 7.74328533E-04 1.36188641E-03 2.65410614E-03 3.87494752E-03
 5.02287355E-03 6.10317088E-03 8.80279473E-03 1.12294529E-02 1.36845878E-02
 1.64607551E-02 2.00006778E-02 2.47843671E-02 3.14426862E-02 4.07829719E-02
 5.38556018E-02 6.99404049E-02 9.14563151E-02 1.20055258E-01 1.57846365E-01
 2.07491543E-01 2.72367700E-01 3.56697975E-01 4.65610643E-01 6.05365164E-01
 7.06977897E-01 7.83199446E-01 8.66818564E-01 1.00690039E+00 1.22022504E+00
 1.24904681E+00 1.59785241E+00 2.09630705E+00 2.81398156E+00 3.84381242E+00
 5.30725885E+00 7.36534666E+00 1.02023889E+01 1.40335464E+01 1.92258929E+01
 2.62724852E+01 3.58539394E+01 4.89017297E+01 6.66857097E+01 9.09312114E+01
 1.23981599E+02 1.69017293E+02 2.30354024E+02 3.13849649E+02 5.34630000E+02
 13
 1.82058556E-11 5.75719705E-11 1.82058556E-10 5.75719698E-10 1.82058549E-09
 5.75719628E-09 1.82058478E-08 5.75718922E-08 1.82057773E-07 3.92229635E-07
 8.45024104E-07 1.82050745E-06 3.92197147E-06 8.44874625E-06 1.81982651E-05
 3.23516678E-05 5.75009018E-05 1.02169499E-04 1.81473924E-04 3.22158603E-04
 5.71599148E-04 1.01310292E-03 1.79288305E-03 3.54768004E-03 5.26659486E-03
 6.95153272E-03 8.60409919E-03 1.31143825E-02 1.77048673E-02 2.27120270E-02
 2.85681418E-02 3.57568401E-02 4.48987358E-02 5.67621049E-02 7.22837846E-02
 9.26504504E-02 1.16459386E-01 1.46513600E-01 1.84822916E-01 2.33324274E-01
 2.94609356E-01 3.71594867E-01 4.68223124E-01 5.89041191E-01 7.39484346E-01
 8.46524201E-01 9.25852307E-01 1.01210062E+00 1.15518360E+00 1.43504783E+00
 1.76451273E+00 2.03815965E+00 2.28743514E+00 3.00610504E+00 4.03667528E+00
 5.50043257E+00 7.55818067E+00 1.03939796E+01 1.42227474E+01 1.94112685E+01
 2.64522896E+01 3.60261350E+01 4.90640740E+01 6.68359158E+01 9.10671868E+01
 1.24101726E+02 1.69120688E+02 2.30440696E+02 3.13920505E+02 5.34818000E+02
 14
 2.36481603E-11 7.47820490E-11 2.36481602E-10 7.47820483E-10 2.36481596E-09
 7.47820415E-09 2.36481528E-08 7.47819736E-08 2.36480848E-07 5.09480666E-07
 1.09763412E-06 2.36474076E-06 5.09449368E-06 1.09749018E-05 2.36408575E-05
 4.20305317E-05 7.47140364E-05 1.32784561E-04 2.35940336E-04 4.19127731E-04
 7.44558621E-04 1.32283854E-03 2.35140845E-03 4.70465820E-03 7.06451332E-03
 9.43357661E-03 1.18218280E-02 1.86287551E-02 2.59404775E-02 3.41773052E-02
 4.38359175E-02 5.55118284E-02 6.99574547E-02 8.80634230E-02 1.10901114E-01
 1.39798333E-01 1.72296112E-01 2.12398424E-01 2.61801455E-01 3.22511134E-01
 3.96940237E-01 4.88063830E-01 5.99248407E-01 7.34628206E-01 8.98990803E-01
 1.01376603E+00 1.09787441E+00 1.18851192E+00 1.33741418E+00 1.62448653E+00
 1.95738824E+00 2.41104592E+00 3.03838392E+00 3.37881301E+00 4.29357037E+00
 5.75958253E+00 7.81929491E+00 1.06565261E+01 1.44859304E+01 1.96740064E+01
 2.67131382E+01 3.62832282E+01 4.93150841E+01 6.70780725E+01 9.12973930E+01
 1.24316764E+02 1.69317530E+02 2.30616871E+02 3.14074447E+02 5.35063000E+02
 15
 3.07173416E-11 9.71367630E-11 3.07173415E-10 9.71367623E-10 3.07173409E-09
 9.71367559E-09 3.07173344E-08 9.71366914E-08 3.07172700E-07 6.61781742E-07
 1.42575730E-06 3.07166281E-06 6.61752086E-06 1.42562099E-05 3.07104346E-05
 5.46027769E-05 9.70728583E-05 1.72551394E-04 3.06684382E-04 5.45055661E-04
 9.69061598E-04 1.72459689E-03 3.07509719E-03 6.20067108E-03 9.38338183E-03
 1.26349530E-02 1.59558672E-02 2.56864817E-02 3.64364023E-02 4.87041486E-02
 6.30256474E-02 8.02794632E-02 1.01143672E-01 1.26724920E-01 1.58231883E-01
 1.97123931E-01 2.39821565E-01 2.91358418E-01 3.53439231E-01 4.28088315E-01
 5.17652303E-01 6.24863929E-01 7.52946239E-01 9.05616092E-01 1.08712183E+00
 1.21184196E+00 1.30234427E+00 1.39913018E+00 1.55671388E+00 1.85624377E+00
 2.19836750E+00 2.65812033E+00 3.28686073E+00 4.15764731E+00 5.37020030E+00
 6.10278045E+00 8.16706113E+00 1.10087711E+01 1.48423191E+01 2.00340034E+01
 2.70759042E+01 3.66475161E+01 4.96791322E+01 6.74395111E+01 9.16531690E+01
 1.24663174E+02 1.69650323E+02 2.30931505E+02 3.14366457E+02 5.35380000E+02
 16
 3.98997241E-11 1.26174006E-10 3.98997241E-10 1.26174006E-09 3.98997235E-09
 1.26174000E-08 3.98997175E-08 1.26173940E-07 3.98996579E-07 8.59610426E-07
 1.85196690E-06 3.98990644E-06 8.59583013E-06 1.85184102E-05 3.98933563E-05
 7.09333353E-05 1.26115626E-04 2.24205906E-04 3.98572508E-04 7.08601146E-04
 1.26049850E-03 2.24570511E-03 4.01260044E-03 8.13412221E-03 1.23806159E-02
 1.67577127E-02 2.12820312E-02 3.47210312E-02 4.98138835E-02 6.71143009E-02
 8.73396834E-02 1.11267353E-01 1.39955756E-01 1.74511690E-01 2.16294598E-01
 2.66877754E-01 3.21436234E-01 3.86146117E-01 4.62764398E-01 5.53311951E-01
 6.60082738E-01 7.85721950E-01 9.33207656E-01 1.10599389E+00 1.30791355E+00
 1.44480063E+00 1.54329963E+00 1.64794601E+00 1.81697940E+00 2.13414041E+00
 2.49133664E+00 2.96464376E+00 3.60355975E+00 4.47794772E+00 5.68552096E+00
 7.36205149E+00 9.68197623E+00 1.14752797E+01 1.53169900E+01 2.05169548E+01
 2.75670755E+01 3.71465699E+01 5.01853223E+01 6.79515325E+01 9.21690069E+01
 1.25179937E+02 1.70164126E+02 2.31437458E+02 3.14858733E+02 5.35793000E+02
 17
 5.18270106E-11 1.63891398E-10 5.18270105E-10 1.63891397E-09 5.18270100E-09
 1.63891392E-08 5.18270047E-08 1.63891339E-07 5.18269516E-07 1.11657636E-06
 2.40558405E-06 5.18264234E-06 1.11655198E-05 2.40547225E-05 5.18213708E-05
 9.21456949E-05 1.63840402E-04 2.91301976E-04 5.17925722E-04 9.21012324E-04
 1.63886801E-03 2.92166097E-03 5.22729018E-03 1.06351913E-02 1.62514185E-02
 2.20790510E-02 2.81326993E-02 4.63022505E-02 6.68589023E-02 9.04854207E-02
 1.17897928E-01 1.50200286E-01 1.88267989E-01 2.33574381E-01 2.87555097E-01
 3.51896120E-01 4.20257786E-01 5.00184325E-01 5.93476863E-01 7.02176683E-01
 8.28553980E-01 9.75148391E-01 1.14482367E+00 1.34072538E+00 1.56641633E+00
 1.71773852E+00 1.82584395E+00 1.94001539E+00 2.12317648E+00 2.46318633E+00
 2.84105066E+00 3.33552647E+00 3.99395242E+00 4.88374212E+00 6.09911456E+00
 7.77229298E+00 1.00794819E+01 1.32192084E+01 1.74082387E+01 2.11565388E+01
 2.82212071E+01 3.78160022E+01 5.08706107E+01 6.86528891E+01 9.28861150E+01
 1.25911734E+02 1.70908576E+02 2.32191290E+02 3.15617189E+02 5.36329000E+02
 18
 8.21402763E-11 2.59750361E-10 8.21402762E-10 2.59750360E-09 8.21402759E-09
 2.59750357E-08 8.21402723E-08 2.59750321E-07 8.21402365E-07 1.76965676E-06
 3.81260534E-06 8.21398810E-06 1.76964040E-05 3.81253079E-05 8.21365590E-05
 1.46057243E-04 2.59718729E-04 4.61828024E-04 8.21252900E-04 1.46080389E-03
 2.59999469E-03 4.63670282E-03 8.30629556E-03 1.69567868E-02 2.59948585E-02
 3.54354854E-02 4.53075628E-02 7.51536741E-02 1.09032059E-01 1.47797015E-01
 1.92417568E-01 2.44036355E-01 3.04157354E-01 3.73806942E-01 4.55129716E-01
 5.49879179E-01 6.48420802E-01 7.61252486E-01 8.90274326E-01 1.03759642E+00
 1.20538798E+00 1.39608479E+00 1.61241683E+00 1.85726504E+00 2.13369387E+00
 2.31605468E+00 2.44503834E+00 2.58021968E+00 2.79500493E+00 3.18735641E+00
 3.61527112E+00 4.16442581E+00 4.88065334E+00 5.82756864E+00 7.09326160E+00
 8.80249018E+00 1.11249541E+01 1.42568905E+01 1.84281772E+01 2.40237308E+01
 3.15434881E+01 4.16597297E+01 5.52741501E+01 7.09247587E+01 9.48065347E+01
 1.27900721E+02 1.72970005E+02 2.34327766E+02 3.17829416E+02 5.37691000E+02
 19
 1.30183565E-10 4.11676578E-10 1.30183565E-09 4.11676578E-09 1.30183565E-08
 4.11676577E-08 1.30183564E-07 4.11676570E-07 1.30183556E-06 2.80471948E-06
 6.04258398E-06 1.30183482E-05 2.80471617E-05 6.04256999E-05 1.30182971E-04
 2.31501525E-04 4.11676266E-04 7.32094835E-04 1.30200394E-03 2.31625053E-03
 4.12258222E-03 7.35114249E-03 1.31658076E-02 2.68780492E-02 4.12447882E-02
 5.62918738E-02 7.20574313E-02 1.19704547E-01 1.73675612E-01 2.34895431E-01
 3.04653610E-01 3.84126801E-01 4.74943508E-01 5.78798466E-01 6.97340997E-01
 8.33034421E-01 9.71527509E-01 1.12744696E+00 1.30276731E+00 1.49946677E+00
 1.71972310E+00 1.96615300E+00 2.24101877E+00 2.54713773E+00 2.88724232E+00
 3.10896287E+00 3.26454133E+00 3.42649820E+00 3.68183217E+00 4.14263394E+00
 4.63792011E+00 5.26383230E+00 6.06628326E+00 7.10780293E+00 8.47295303E+00
 1.02801734E+01 1.26901664E+01 1.58886542E+01 2.00993644E+01 2.57106897E+01
 3.32374808E+01 4.33775011E+01 5.70629880E+01 7.55439371E+01 1.00499050E+02
 1.34203352E+02 1.79749700E+02 2.41362832E+02 3.24809871E+02 5.39850000E+02
 20
 2.06327045E-10 6.52463406E-10 2.06327045E-09 6.52463407E-09 2.06327046E-08
 6.52463411E-08 2.06327050E-07 6.52463447E-07 2.06327086E-06 4.44518335E-06
 9.57686196E-06 2.06327458E-05 4.44520074E-05 9.57694410E-05 2.06331411E-04
 3.66921585E-04 6.52512690E-04 1.16043803E-03 2.06393704E-03 3.67195108E-03
 6.53590692E-03 1.16518167E-02 2.08432942E-02 4.24817099E-02 6.51248636E-02
 8.88180385E-02 1.13647855E-01 1.88474923E-01 2.72750380E-01 3.67322583E-01
 4.73671094E-01 5.93328623E-01 7.28151022E-01 8.79337441E-01 1.05076803E+00
 1.24086829E+00 1.43298270E+00 1.64607721E+00 1.88190761E+00 2.14275658E+00
 2.43077765E+00 2.74817049E+00 3.09722244E+00 3.48064673E+00 3.90109235E+00
 4.17220674E+00 4.36120041E+00 4.55696826E+00 4.86369591E+00 5.41170868E+00
 5.99327573E+00 6.71920499E+00 7.63720129E+00 8.81043913E+00 1.03226728E+01
 1.22900106E+01 1.48667992E+01 1.82284505E+01 2.25858967E+01 2.83204342E+01
 3.59426899E+01 4.61557192E+01 5.99122335E+01 7.84907225E+01 1.03608252E+02
 1.37566985E+02 1.83485746E+02 2.45579521E+02 3.29585709E+02 5.43271000E+02
 21
 3.27006330E-10 1.03408481E-09 3.27006330E-09 1.03408481E-08 3.27006331E-08
 1.03408482E-07 3.27006342E-07 1.03408493E-06 3.27006448E-06 7.04514328E-06
 1.51783147E-05 3.27007512E-05 7.04519281E-05 1.51785460E-04 3.27018382E-04
 5.81547368E-04 1.03421087E-03 1.83931019E-03 3.27149693E-03 5.82041703E-03
 1.03603344E-02 1.84643350E-02 3.30022622E-02 6.70477644E-02 1.02510245E-01
 1.39501580E-01 1.78189540E-01 2.94418020E-01 4.24256352E-01 5.68666639E-01
 7.29097934E-01 9.06833282E-01 1.10417995E+00 1.32238645E+00 1.56507344E+00
 1.83403569E+00 2.09831051E+00 2.38835873E+00 2.70450607E+00 3.05010796E+00
 3.42658484E+00 3.83609225E+00 4.28102405E+00 4.76386650E+00 5.28671615E+00
 5.62083081E+00 5.85241937E+00 6.09123253E+00 6.46331570E+00 7.12204006E+00
 7.81404796E+00 8.66798274E+00 9.73554728E+00 1.10821144E+01 1.27921085E+01
 1.49836588E+01 1.78080867E+01 2.14336739E+01 2.60605737E+01 3.20624396E+01
 3.99403154E+01 5.03878252E+01 6.43549275E+01 8.31304284E+01 1.08451247E+02
 1.42659188E+02 1.88904416E+02 2.51449590E+02 3.36052232E+02 5.48693000E+02
 22
 5.18270106E-10 1.63891398E-09 5.18270106E-09 1.63891398E-08 5.18270108E-08
 1.63891400E-07 5.18270129E-07 1.63891421E-06 5.18270341E-06 1.11658018E-05
 2.40560180E-05 5.18272455E-05 1.11659001E-04 2.40564755E-04 5.18293822E-04
 9.21704685E-04 1.63915652E-03 2.91523315E-03 5.18529422E-03 9.22514609E-03
 1.64208098E-02 2.92562571E-02 5.22458988E-02 1.05809874E-01 1.61223215E-01
 2.18694296E-01 2.78504232E-01 4.57091308E-01 6.55156251E-01 8.73733985E-01
 1.11335103E+00 1.37685112E+00 1.66463774E+00 1.97888767E+00 2.32204783E+00
 2.69735988E+00 3.06411334E+00 3.45998651E+00 3.88761408E+00 4.34483394E+00
 4.83931934E+00 5.37108505E+00 5.94254337E+00 6.55587559E+00 7.21203859E+00
 7.62805684E+00 7.91491734E+00 8.20940772E+00 8.66596168E+00 9.46836658E+00
 1.03032741E+01 1.13233616E+01 1.25841405E+01 1.41552706E+01 1.61263460E+01
 1.86170337E+01 2.17816396E+01 2.57821446E+01 3.08117149E+01 3.72418987E+01
 4.55681565E+01 5.64741396E+01 7.08977826E+01 9.01207739E+01 1.15877048E+02
 1.50520178E+02 1.97231293E+02 2.60302838E+02 3.45541388E+02 5.57288000E+02

